13.759313829436067 90708664.90774544
13.75655364383975 91528617.41483907
13.751174245276887 89742325.9907663
13.745794846714025 92405740.40694015
13.740415448151163 93724460.93168886
13.7350360495883 94373611.16456698
13.729656651025438 92511730.6587472
13.724277252462576 93557421.5421258
13.718897853899714 96077932.96413846
13.713518455336851 97635792.76192424
13.708139056773987 99201180.55576332
13.702759658211125 101387833.00746143
13.697380259648263 101891139.10021012
13.6920008610854 104595260.62981445
13.686621462522538 106321889.1228697
13.681242063959676 109493554.58540726
13.675862665396814 107977245.08725429
13.670483266833951 112736853.220659
13.665103868271089 113844303.6291273
13.659724469708227 115093255.89303678
13.654345071145363 117751494.0024733
13.6489656725825 122938263.4220176
13.643586274019638 126361712.64932616
13.638206875456776 128434721.02765188
13.632827476893913 131294846.49612409
13.627448078331051 137509605.98851144
13.622068679768189 139231436.68062544
13.616689281205327 143256871.54035437
13.611309882642464 146985453.46461558
13.605930484079602 152087742.37401846
13.600551085516738 155889621.69813982
13.595171686953876 162693344.37991956
13.589792288391013 170441912.4164735
13.584412889828151 177137619.93239456
13.579033491265289 184206268.0911228
13.573654092702427 191701929.65180278
13.568274694139564 196884389.33077168
13.562895295576702 205860509.505543
13.55751589701384 213533002.40505973
13.552136498450976 226812356.60784107
13.546757099888113 235405258.780144
13.541377701325251 247623849.05513406
13.535998302762389 263755381.75002518
13.530618904199526 277301702.77229506
13.525239505636664 293580657.7628435
13.519860107073802 310954100.995182
13.51448070851094 327702182.645789
13.509101309948077 351279295.9685515
13.503721911385215 340632826.8052178
13.49834251282235 350539298.2589296
13.492963114259489 419651839.1531464
13.487583715696626 415897884.1969826
13.482204317133764 446989856.12247103
13.466066121445177 572719080.613619
13.460686722882315 691919615.1580912
13.449927925756588 789461693.3108749
13.444548527193726 906067452.5470505
13.42841033150514 1384019482.5089734
13.423030932942277 1588785244.8956008
13.417651534379415 1818333635.149544
13.40689273725369 2663965382.0376577
13.401513338690828 3077281273.8298655
13.396133940127964 3625115735.54706
13.390754541565101 4766189481.539092
13.38537514300224 5712128448.931588
13.374616345876515 9210883758.841257
13.36385754875079 14291334467.009039
13.326201758810752 9507637520.46644
13.32082236024789 7730425853.064252
13.315442961685028 6163740095.190396
13.304684164559303 4241088412.2039413
13.29930476599644 3514429690.9744253
13.293925367433577 2791372940.8733068
13.288545968870714 2424961000.34752
13.283166570307852 2057074608.276087
13.272407773182127 1549323095.4899268
13.267028374619265 1400082181.4473932
13.261648976056403 1094665688.7090385
13.250890178930678 957968049.1415808
13.245510780367816 869549422.9819615
13.240131381804952 765745249.0676419
13.23475198324209 704540110.4267591
13.229372584679227 636896257.0535086
13.223993186116365 581964971.15931
13.218613787553503 550882503.7788006
13.21323438899064 502402167.4008079
13.207854990427778 484716595.96117586
13.202475591864916 446711698.6810981
13.197096193302054 408201490.8271095
13.191716794739191 385340712.2211471
13.186337396176327 355814584.99280304
13.180957997613465 335175027.96469474
13.175578599050603 311847792.280681
13.17019920048774 301264097.63358843
13.164819801924878 293853172.83131444
13.159440403362016 274284227.68083006
13.154061004799154 258110981.13292575
13.148681606236291 244578787.8586915
13.143302207673429 237441302.00083748
13.137922809110565 228178851.52276844
13.132543410547703 219782420.24507022
13.12716401198484 204742053.72761554
13.121784613421978 199530532.44341806
13.116405214859116 196939773.29345033
13.111025816296253 182234747.77514565
13.105646417733391 176045642.03386313
13.100267019170529 166058258.77074912
13.094887620607667 160103555.50507516
13.089508222057715 152204347.72643703
13.084128694165075 147082921.9576482
13.078749424919078 141110182.01432338
13.073370026356216 135450598.94619632
13.067990627793353 135653382.49158365
13.062611229230491 146202273.30090594
13.057231830667629 128795574.00814283
13.051852432104766 132468951.28280915
13.046473033541904 129956881.75998646
13.041093634979042 131374427.23224933
13.035714236416178 125170025.77680211
13.030334837853315 122734867.28480075
13.024955439290453 120221301.5327989
13.019576040727591 113997156.88187177
13.014196642164729 112515544.97605121
13.008817243601866 108765406.46703425
13.003437845039004 102861931.84931746
12.998058446476142 106160910.23281322
12.99267904791328 103221438.59967092
12.987299649350417 102771391.96791995
12.981920250787553 96738932.10476907
12.97654085222469 98597042.60669361
12.971161453661828 97268089.5052791
12.965782055098966 99165645.65984263
12.960402656536104 91758753.71618275
12.955023257973242 96915596.71589726
12.94964385941038 92161312.14535041
12.944264460847517 90601963.22060443
12.938885062284655 85677646.09558308
12.933505663721792 91025986.7383754
12.928126265158928 84830664.9857923
12.922746866596066 82604569.24097855
12.917367468033204 85802738.13844651
12.911988069470342 87076019.6787
12.90660867090748 84870480.27595736
12.901229272344617 82645771.59411812
12.895849873781755 80057372.18616953
12.890470475218892 82064481.26945505
12.88509107665603 80810507.71224459
12.879711678093166 79481715.33880433
12.874332279530304 74330899.59879628
12.868952880967441 77785761.40612312
12.863573482404579 75792609.14417735
12.858194083841717 77705814.20100173
12.852814685278855 76440805.08760181
12.847435286715992 80228147.3945224
12.84205588815313 74633248.2886133
12.836676489590268 73217781.8809701
12.831297091027405 76174378.68243797
12.825917692464541 76223050.93513002
12.820538293901679 75362724.39124103
12.815158895338817 76348454.74368128
12.809779496775954 74774219.3290723
12.804400098213092 73425469.08624128
12.79902069965023 73338363.67283262
12.793641301087368 73663587.55079678
12.788261902524505 75186596.37364015
12.782882503961643 75258325.66018957
12.777503105398779 71833492.37990178
12.772123706835917 72976510.63613768
12.766744308273054 74165012.84486467
12.761364909710192 75543048.67415102
12.75598551114733 74308046.29318047
12.750606112584467 75391247.2182222
12.745226714021605 76751908.67845272
12.739847315458743 75429436.80760926
12.73446791689588 72914181.48848209
12.729088518333018 77009540.07039167
12.723709119770154 73948623.12574281
12.718329721207292 74642035.29908194
12.71295032264443 75508448.26170555
12.707570924081567 76005063.38205366
12.702191525518705 76697041.20023443
12.696812126955843 79633253.3414693
12.69143272839298 78888147.5278206
12.686053329830118 77545285.47456932
12.680673931267256 79719276.24402083
12.675294532704394 79996121.16728811
12.66991513414153 80725509.14338553
12.664535735578667 82530941.84490955
12.659156337015805 83982011.12527727
12.653776938452943 86303936.07095972
12.64839753989008 83864958.82020997
12.643018141327218 88374259.5873684
12.637638742764356 85956248.78939894
12.632259344201493 89718094.73869035
12.626879945638631 87734026.882145
12.621500547075767 90399255.20385604
12.616121148512905 95673169.19809747
12.610741749950042 89555118.33244678
12.60536235138718 95731049.62809892
12.599982952824318 98057892.10316533
12.594603554261456 99502466.61937186
12.589224155698593 100059501.85822219
12.583844757135731 103235629.74802768
12.578465358572869 104195695.23172194
12.573085960010006 108136503.36240157
12.567706561447142 111892570.25274344
12.56232716288428 113656427.44563405
12.556947764321418 116599350.7832804
12.551568365758556 122525167.81045468
12.546188967195693 124918779.84208894
12.540809568632831 125949804.59493719
12.535430170069969 132556478.04980168
12.530050771507106 132029361.00466117
12.524671372944244 138257111.7008525
12.519291974381382 143184858.22905624
12.513912575818518 143821413.31965917
12.508533177255655 147137115.35351992
12.503153778692793 155315619.6487061
12.49777438012993 169418790.03366175
12.492394981567069 170946189.82792073
12.487015583004206 171087908.44269225
12.481636184441344 181777809.30196956
12.476256785878482 189760333.89422733
12.47087738731562 195554758.40815926
12.465497988752755 198630358.3381898
12.460118590189893 202887445.3903987
12.45473919165845 216111610.84467602
12.44935948001631 223465802.39213103
12.443980394501306 244038081.20800388
12.438600995938444 249471741.55800083
12.433221597375582 278587482.5356218
12.42784219881272 280661633.6530951
12.422462800249857 312429575.5432291
12.41170400312413 345696357.60246545
12.406324604561268 366913059.6580245
12.400945205998406 393105511.5185687
12.395565807435544 412552410.85178864
12.390186408872681 433144460.9316901
12.38480701030982 468108972.8689698
12.379427611746957 498296224.62865436
12.368668814621232 566368973.8149792
12.357910017495506 685520693.6561222
12.352530618932644 732560226.01077
12.347151220369781 780202195.3470486
12.341771821806919 873755548.1275498
12.336392423244057 989178992.8178403
12.331013024681194 832479390.2950892
12.325633626118332 1001086600.7263882
12.32025422755547 1154403145.5307539
12.304116031866881 2124840043.3997192
12.298736633304019 2301416138.8324943
12.293357234741157 2690306901.073592
12.287977836178294 3186868253.7802634
12.282598437615432 3704250589.195807
12.27721903905257 4682597363.622544
12.271839640489707 5844863411.474424
12.266460241926845 7989175459.631556
12.23418385054967 21973746986.81952
12.218045654861083 16607717653.535494
12.207286857735356 11374256127.986544
12.196528060609632 6176740990.260734
12.19114866204677 5410821717.193855
12.185769263483907 4495886618.798492
12.180389864921045 3716738291.4454455
12.175010466358183 2955153431.1385016
12.16963106779532 2603330651.690614
12.164251669232458 2405831612.498751
12.158872270669596 2140043502.8917997
12.153492872106732 1774026183.8879066
12.14811347354387 1597003352.6547024
12.142734074981007 1454097066.32792
12.137354676418145 1403336614.5816228
12.12659587929242 1089028444.8129492
12.121216480729558 993162037.4226505
12.115837082166696 879774212.668143
12.110457683603833 815998236.6882613
12.10507828504097 734907623.7371951
12.099698886478107 677534857.2404456
12.094319487915245 623213824.8478433
12.088940089352382 585332268.5112777
12.08356069078952 562023603.8225551
12.078181292226658 507648028.97585756
12.072801893663796 479436609.359535
12.067422495100933 462742351.6580391
12.062043096538071 426946087.2855392
12.056663697975209 411143408.1891622
12.051284299412345 381059475.1519501
12.045904900849482 374712408.888632
12.04052550228662 357227678.1757863
12.035146103723758 337702932.6410642
12.029766705160895 326047211.70324296
12.024387306598033 300543643.4002804
12.01900790803517 293788629.50873655
12.013628509472309 282105612.8310662
12.008249110909446 262958883.18408057
12.002869712346584 250650713.32288906
11.99749031378372 241563299.9574382
11.992110915220858 231931806.79044566
11.986731516657995 236583315.9176039
11.981352118095133 230575308.0447895
11.97597271953227 220783775.28757608
11.970593320969408 209528652.9469087
11.965213922406546 198572297.7048447
11.959834523843684 196061819.56540358
11.954455125280822 181471018.76980343
11.949075726717957 176998793.57056245
11.943696328155095 166129852.04305753
11.938316929592233 149646954.46598068
11.93293753102937 162156379.12549406
11.927558132466508 155962419.30262363
11.922178733903646 144303684.34246296
11.916799335340784 138489482.35215157
11.911419936777921 137006891.8453836
11.90604053821506 132336591.11534855
11.900661139652197 126046054.11044073
11.895281741089333 129665241.38310085
11.88990234252647 124879194.87833092
11.884522943963608 124393254.44538164
11.879143545400746 118001106.76185755
11.873764146837884 118823891.84573491
11.868384748275021 114804269.51058745
11.863005349753044 114430426.14806257
11.857625542613887 108397448.57143965
11.852246552586434 105484176.6513346
11.846867154023572 104862923.80257629
11.841487755460708 100043332.20048721
11.836108356897846 100569610.82352808
11.830728958334984 99210360.8914537
11.825349559772121 97841310.58020969
11.819970161209259 98283229.47719078
11.814590762646397 97967455.13677117
11.809211364083534 89713303.85571232
11.803831965520672 87855053.20759311
11.79845256695781 89171205.01851606
11.793073168394946 88153711.09451722
11.787693769832083 84790598.36717948
11.782314371269221 85804171.66737458
11.776934972706359 86105291.8880492
11.771555574143497 84210953.83171469
11.766176175580634 78379025.7178495
11.760796777017772 76099436.86224604
11.75541737845491 77046512.88995846
11.750037979892047 83989410.37033136
11.744658581329185 75950411.82682046
11.739279182766321 77045382.13279966
11.733899784203459 75569128.23508689
11.728520385640596 79572645.56891628
11.723140987077734 78615059.77844967
11.717761588514872 73283828.8028072
11.71238218995201 77058159.67723766
11.707002791389147 77805118.51847474
11.701623392826285 76218714.10715576
11.696243994263423 77038282.13826291
11.690864595700559 74342862.96633545
11.685485197137696 71699892.32802044
11.680105798574834 69968207.51765542
11.674726400011972 68419975.48127818
11.66934700144911 71723966.62188986
11.663967602886247 73494198.13674378
11.658588204323385 68221539.38049541
11.653208805760523 68094696.64948322
11.64782940719766 67802495.27793501
11.642450008634798 71539383.63883765
11.637070610071934 68215656.89412661
11.631691211509072 67239601.1038281
11.62631181294621 66372027.8529672
11.620932414383347 72063363.22793362
11.615553015820485 68798974.4114476
11.610173617257622 64122699.21079658
11.60479421869476 68341743.06813225
11.599414820131898 68312256.39530627
11.594035421569036 64995907.57295032
11.588656023006173 68828943.70408009
11.58327662444331 68681499.71047433
11.577897225880447 68086688.82457352
11.572517827317585 65688683.06432178
11.567138428754722 67485929.9687622
11.56175903019186 63930918.278100744
11.556379631628998 56419912.59863975
11.551000233066135 65583049.13637797
11.545620834503273 61156300.533622794
11.54024143594041 64949884.19143228
11.534862037377547 66682139.12260968
11.529482638814684 64753161.019217305
11.524103240251822 69355296.10987604
11.51872384168896 67163405.35222134
11.513344443126098 64188988.866276704
11.507965044563235 69962223.66533014
11.502585646000373 59591730.979910485
11.49720624743751 66245442.28547869
11.491826848874648 68918886.62148988
11.486447450311786 67698785.4971685
11.481068051748922 62414225.91310588
11.47568865318606 70625507.73839024
11.470309254623198 64867040.7433166
11.464929856060335 72063406.52149332
11.459550457497473 73019892.16294353
11.45417105893461 70443778.6384086
11.448791660371748 71899683.15230994
11.443412261808886 71999606.27259511
11.438032863246024 69290495.42658946
11.43265346468316 70602392.24610603
11.427274066120297 68740677.98274884
11.421894667557435 71977935.69740212
11.416515268994573 65343276.248088114
11.41113587043171 65316535.278990336
11.405756471868848 67173487.72795084
11.400377073305986 74819311.14201272
11.394997674743124 74145576.34071141
11.389618276180261 75878636.71977043
11.384238877617399 77378733.73911804
11.378859479054535 70551887.35823573
11.373480080491673 77339264.4284906
11.36810068192881 79663329.8137265
11.362721283365948 80097316.29459596
11.357341884803086 81289382.78325287
11.351962486240224 86325632.00581142
11.346583087677361 84058274.28069912
11.341203689114499 87626897.05950955
11.335824290551637 85650604.99299261
11.330444891988774 87392220.23834535
11.32506549342591 86809317.59254034
11.319686094863048 87003632.30662285
11.314306696308794 84383206.93177842
11.308927211412609 90634401.82253098
11.303547899174461 99195783.52785265
11.298168500611599 101132566.93735702
11.292789102048737 100571804.66076146
11.287409703485874 100587731.50163013
11.282030304923012 105712270.32064626
11.276650906360148 102337252.5208454
11.271271507797286 96213819.88015595
11.265892109234423 93494532.1317638
11.260512710671561 114586459.38836269
11.255133312108699 103044081.86385575
11.249753913545836 113218467.00353637
11.244374514982974 112611673.72421914
11.238995116420112 120325246.17773479
11.23361571785725 122085868.69816352
11.228236319294387 130955633.98315503
11.222856920731523 119004815.74177401
11.217477522168661 130089326.12064764
11.212098123605799 124189247.16299695
11.206718725042936 123891295.61138943
11.201339326480074 150787999.77042988
11.195959927917212 137344955.486453
11.19058052935435 138532835.02876657
11.185201130791487 158793320.66697606
11.179821732228625 165771265.17383114
11.174442333665763 163036916.61596495
11.169062935102898 165006642.8411868
11.163683536540036 163366501.70450714
11.158304137977174 162854262.23757544
11.152924739414312 197488593.40855905
11.14754534085145 188966142.31609493
11.142165942288587 191485387.54782978
11.136786543725725 205803139.70913017
11.131407145162862 195931722.82606775
11.1260277466 191262301.4316899
11.120648348037136 213899227.71366853
11.115268949474274 211759100.84357718
11.109889550911412 244014399.3699975
11.10451015234855 242877017.23656458
11.099130753785687 265665971.40693584
11.093751355222825 295346243.7832132
11.088371956659962 275120501.24774414
11.0829925580971 323589763.8417723
11.077613159534238 324013409.69411284
11.072233760971375 344076047.54520696
11.066854362408511 346079527.3855982
11.061474963845649 355573510.7209045
11.056095565282787 385269391.82058835
11.050716166719925 420546754.3629524
11.045336768157062 461885046.5281632
11.0399573695942 465846555.9518399
11.034577971031338 497302146.9812613
11.029198572468475 533766261.3870213
11.023819173905613 560658983.361811
10.970025188276988 790347364.4040796
10.964645789714126 797581296.1388276
10.926989999774088 2045515624.8623288
10.921610601211226 2605073976.967566
10.916231202648364 2426291628.8289647
10.910851804085501 3724732951.1357803
10.889334209834052 8564864608.144469
10.88395481127119 9421781951.634075
10.862437217019739 20303779510.07992
10.846299021331152 23325261612.32872
10.819402028516839 16632263699.761356
10.814022629953977 16125763900.85923
10.808643231391114 5804456387.423632
10.797884434278085 9413843877.203585
10.79250490841778 6326636884.625159
10.787125637139665 5897460048.221775
10.781746238576803 5737021906.483048
10.776366840013939 3869679072.818628
10.765608042888214 4468215707.594399
10.75484924576249 3635002776.794422
10.744090448636765 2907117286.084926
10.738711050073903 2655502267.443277
10.73333165151104 2367829303.691766
10.727952252948178 2161205423.858425
10.722572854385314 2043800283.6468928
10.717193455822452 1856525568.6717095
10.706434658696727 1952433155.1347942
10.701055260133865 1452595097.8745
10.695675861571003 1597731197.2726407
10.69029646300814 1284866184.074902
10.684917064445278 1198554022.9076664
10.679537665882416 1128165611.3592157
10.674158267319553 1081763114.6928086
10.66877886875669 1011606688.0118953
10.663399470193827 916334765.6604404
10.658020071630965 884313615.1244699
10.652640673068102 845201630.8806196
10.64726127450524 803400358.4513152
10.641881875942378 755851159.8508215
10.636502477379516 731028171.2271049
10.631123078816653 693048884.098862
10.625743680253791 662404744.6755133
10.620364281690927 614852662.4833392
10.614984883128065 600340029.1916641
10.609605484565202 554060253.83287
10.60422608600234 533592012.57077414
10.598846687439478 516589098.83468604
10.593467288876615 491304098.77727693
10.588087890313753 469519311.41206104
10.582708491750891 442601695.4561466
10.577329093188029 426379064.4056617
10.571949694625166 404398288.8814917
10.566570296062302 396740409.0999841
10.56119089749944 382675862.0351742
10.555811498936578 365645686.6264262
10.550432100373715 348255182.78422076
10.545052701810853 335550191.27322364
10.53967330324799 326707662.1987046
10.534293904685128 320086094.7047933
10.528914506122266 294894424.94177216
10.523535107559404 301724380.3871928
10.518155708996542 275761748.7135891
10.512776310433678 285325841.60323304
10.507396911870815 272465779.6595788
10.502017513307953 270029096.8619572
10.49663811474509 258401736.33529207
10.491258716182228 244020525.46060288
10.485879317619366 239359956.1074055
10.480499919056504 235871629.63412148
10.475120520493642 217161045.6515765
10.46974112193078 226607283.65429077
10.464361723367915 218923854.11990595
10.458982324805053 217419414.07993528
10.45360292624219 205476272.7111078
10.448223527679328 197677658.5020398
10.442844129116466 191001770.06212702
10.437464730553604 191717524.17011717
10.432085331990741 186001758.0891394
10.426705933427879 182784569.11944634
10.421326534865017 176065429.67443493
10.415947136302155 178545571.01437035
10.41056773773929 164592891.6990516
10.405188339176428 168319466.6899763
10.399808940613566 163805254.75110054
10.394429542050704 160539131.51040146
10.389050143487841 157487243.24491444
10.383670744924979 150278310.18477762
10.378291346362117 145789991.4849706
10.372911947799254 145950327.73214865
10.367532549236392 146351548.42181838
10.362153150673528 142444042.28752095
10.356773752110666 143011175.80867556
10.351394353547803 134048289.61722343
10.346014954984941 132967146.25359164
10.340635556422079 136227848.4546723
10.335256157859217 131678159.7604291
10.329876759296354 131513423.32696852
10.324497360733492 124148441.07678135
10.31911796217063 126731493.78250757
10.313738563632942 119953365.42181683
10.308358912587362 121713505.13646789
10.302979766482041 119162762.3624596
10.297600367919179 118020559.37782398
10.292220969356316 114930228.56579491
10.286841570793454 110196774.45616643
10.281462172230592 112312077.40802212
10.27608277366773 107195981.48709454
10.270703375104867 102957402.99556158
10.265323976542005 102065009.2902916
10.259944577979143 105967578.65218712
10.254565179416279 97219392.2550932
10.249185780853416 102279354.34731463
10.243806382290554 99410358.37499076
10.238426983727692 94593788.07100016
10.23304758516483 93673134.03933908
10.227668186601967 93952305.7630087
10.222288788039105 94606279.25269084
10.216909389476243 89383859.05219945
10.21152999091338 91403778.48504287
10.206150592350516 85692189.84716257
10.200771193787654 88154475.15911196
10.195391795224792 89794747.9271407
10.19001239666193 87548029.22715911
10.184632998099067 86469077.31524542
10.179253599536205 84822324.4038512
10.173874200973342 82913074.31148516
10.16849480241048 79687325.14515433
10.163115403847618 81496225.34393764
10.157736005284756 79077970.1695882
10.152356606721892 79542832.60863647
10.14697720815903 76021079.9763002
10.141597809596167 76876092.97691211
10.136218411033305 75819191.76676011
10.130839012470442 75686075.52072641
10.12545961390758 76095986.6397362
10.120080215344718 77401346.66986567
10.114700816781856 77085022.90897727
10.109321418218993 73943359.63198142
10.10394201965613 76107358.16089918
10.098562621093267 71033978.7153196
10.093183222530405 75068187.27763252
10.087803823967542 72402602.722037
10.08242442540468 70909065.8255288
10.077045026841818 69987769.30352923
10.071665628278955 72452711.34671329
10.066286229716093 73184919.38348621
10.06090683115323 73146864.73822822
10.055527432590369 68919431.70871925
10.050148034027504 72559360.42962919
10.044768635464642 71427151.83443084
10.03938923690178 70787437.77114308
10.034009838338918 70582703.15906236
10.028630439776055 69518519.01036635
10.023251041213193 68469368.94005297
10.01787164265033 66747784.44266688
10.012492244087468 70860990.6222995
10.007112845524606 67187654.85134669
10.001733446961744 66235646.374156095
9.99635404839888 65096268.601029485
9.990974649836017 66846750.34629781
9.985595251273155 68490538.10737526
9.980215852710293 66868947.81474874
9.97483645414743 69023413.77690981
9.969457055584568 64962391.55538203
9.964077657021706 66858789.74095319
9.958698258458844 65622260.84297598
9.953318859895981 66708103.1044394
9.947939461333117 64781980.316667154
9.942560062770255 64558991.07061663
9.937180664207393 67838781.15242079
9.93180126564453 64739840.29444599
9.926421867081668 67556928.4317089
9.921042468518806 61614722.45239218
9.915663069955944 60325291.55744495
9.910283671393081 60390525.38886072
9.904904272830219 61530355.0638794
9.899524874267357 60680558.35732227
9.894145475704493 62532790.90361435
9.88876607714163 58762570.39334911
9.883386678578768 59502091.113349065
9.878007280015906 58147893.8280309
9.872627881453043 58121280.34371657
9.867248482890181 58776127.116879866
9.861869084346685 58092868.77019064
9.856489493013074 59038098.767060176
9.851110287201594 60974283.52650409
9.845730888638732 60856110.291288994
9.840351490075868 60024130.730490506
9.834972091513006 60833977.656528495
9.829592692950143 60551473.367704004
9.824213294387281 52127686.39299612
9.818833895824419 55422387.87492791
9.813454497261556 55282622.56566551
9.808075098698694 53462188.19129559
9.802695700135832 56280131.07877359
9.79731630157297 53407696.306255475
9.791936903010106 55837585.48502243
9.786557504447243 60562349.94498304
9.781178105884381 59471511.14295487
9.775798707321519 58973611.90098168
9.770419308758656 61163784.02852746
9.765039910195794 59530174.07072588
9.759660511632932 57024323.21502272
9.75428111307007 56755532.280643634
9.748901714507207 58738115.41203141
9.743522315944345 59721208.54110595
9.73814291738148 57259110.46129339
9.732763518818619 60514646.88795165
9.727384120255756 59667259.18964539
9.722004721692894 58022058.726820804
9.716625323130032 59174765.96161135
9.71124592456717 58596323.19896691
9.705866526004307 59071961.37735946
9.700487127441445 56650358.254076645
9.695107728878583 59585581.18592557
9.689728330315718 60237205.240363
9.684348931752856 56823387.36518182
9.678969533189994 57346699.77305901
9.673590134627132 57717230.704198234
9.66821073606427 57215164.208992004
9.662831337501407 57178240.65045206
9.657451938938545 56090928.339259066
9.652072540375682 58598010.64797405
9.64669314181282 57556457.13259887
9.641313743249958 58498017.445145056
9.635934344687094 58163727.4907973
9.630554946124231 56512670.01739787
9.62517554756137 57565756.8913879
9.619796148998507 56766154.72661025
9.614416750435645 57549232.44338804
9.609037351872782 51485526.625830814
9.60365795330992 58279381.019454785
9.598278554747058 57884295.27856099
9.592899156184195 55253995.6932839
9.587519757621333 50102635.49035209
9.582140359058469 50628884.7430262
9.576760960495607 61511657.49378288
9.571381561932744 50217881.76030758
9.566002163369882 59387566.92924224
9.56062276480702 56826637.34744194
9.555243366244158 53002594.36178798
9.549863967681295 54524258.20924963
9.544484569118433 52203852.20531595
9.53910517055557 54239926.34144737
9.533725771992707 52899294.522065796
9.528346373429844 52272855.82261918
9.522966974866982 53985174.45637733
9.51758757630412 53901505.16753427
9.512208177741257 56067549.765547626
9.506828779178395 53785531.126870595
9.501449380615533 54557192.61345437
9.49606998205267 53230429.30827838
9.490690583489808 58804883.97569881
9.485311184926946 52337608.05146363
9.479931786364082 53484290.24730075
9.47455238780122 55131210.64323923
9.469172989238357 53164234.38147374
9.463793590675495 55978312.89828366
9.458414192112633 53337631.41005419
9.45303479354977 55419791.55371674
9.447655394986908 58500088.51516497
9.442275996424046 56027105.47051982
9.436896597889156 57782162.5837459
9.431516918553534 54444595.18195798
9.426137800735457 54900592.71417099
9.420758402172595 58272009.434825845
9.415379003609733 55016783.763189934
9.40999960504687 56802484.21646395
9.404620206484008 62695676.709935166
9.399240807921146 56349249.14911854
9.393861409358284 55324336.368241735
9.388482010795421 55411300.04675707
9.383102612232559 58316022.15605001
9.377723213669695 58703516.62481315
9.372343815106833 61800524.084375024
9.36696441654397 64800051.34010441
9.361585017981108 62987596.598428294
9.356205619418246 61607343.56330568
9.350826220855383 65872182.48637239
9.345446822292521 66480651.60437045
9.340067423729659 61495272.49128518
9.334688025166797 58979239.675161295
9.329308626603934 59559545.716146596
9.32392922804107 63789563.023726046
9.318549829478208 58755848.06589949
9.313170430915346 65507936.47388216
9.307791032352483 65354946.59120632
9.302411633789621 67361656.8482558
9.297032235226759 64829338.93469525
9.291652836663896 66533983.80993756
9.286273438101034 66897904.72540141
9.280894039538172 59834126.58442068
9.275514640975308 69122573.13112871
9.270135242412445 68580047.08678539
9.264755843849583 71881724.27403063
9.25937644528672 71351034.71007271
9.253997046723859 63476934.30665571
9.248617648160996 70353626.90834278
9.243238249598134 66097424.868230395
9.237858851035272 70667421.65398902
9.23247945247241 67354973.6679412
9.227100053909547 64381966.73118774
9.221720655346683 67618126.15611918
9.21634125678382 67484393.73571813
9.210961858220958 65921975.92849633
9.205582459658096 53994353.44113103
9.200203061095234 75905488.90315673
9.194823662532372 74947077.38155876
9.18944426396951 67390080.8711803
9.184064865406647 75233661.21050458
9.178685466843785 81469658.10421935
9.173306068280922 70551977.92778611
9.167926669718058 82882030.46312428
9.162547271155196 71878138.01556076
9.157167872592334 84109418.64668399
9.151788474029471 81551817.78762831
9.14640907546661 81509629.3247214
9.141029676903747 88549173.27059117
9.135650278340885 83611876.92562076
9.130270879778022 84881371.48207542
9.12489148121516 76297463.4546327
9.119512082652296 85217249.39858572
9.114132684089434 81172986.11009242
9.108753285526571 87576550.30317804
9.103373886963709 76265090.89480767
9.097994488400847 78975621.94128396
9.092615089837984 79295469.66394675
9.087235691275122 79648579.35245991
9.08185629271226 82909611.76731995
9.076476894149398 84173037.07937591
9.071097495586535 88207044.37292914
9.065718097023671 98030033.3454922
9.060338698460809 86966837.6101904
9.054959299897947 96885608.8169856
9.049579901335084 97220677.47218488
9.044200502772222 97530506.53361714
9.03882110424013 96936744.6537278
9.033441398885003 99010231.11264105
9.028062307083635 103224064.4247198
9.022682908520773 95622939.8886752
9.017303509957909 105603508.48449346
9.011924111395047 96606532.59659573
9.006544712832184 100237904.80925763
9.001165314269322 116417804.12784918
8.99578591570646 113271266.46189505
8.990406517143597 113040231.92285788
8.985027118580735 103051877.98850988
8.979647720017873 116734471.99146122
8.97426832145501 118855036.12912422
8.968888922892148 104035183.3008983
8.963509524329284 114953113.67996003
8.958130125766422 118380597.37773561
8.95275072720356 132824086.77081732
8.947371328640697 112077393.6961314
8.941991930077835 129547150.6728641
8.936612531514973 139564057.44456404
8.93123313295211 128575668.81799673
8.925853734389248 165841299.44826186
8.920474335826386 120481662.89335059
8.915094937263524 121366442.00272685
8.90971553870066 131791566.18653972
8.904336140137797 147373610.64676663
8.898956741574935 145478930.49683246
8.893577343012073 132792170.88991265
8.88819794444921 151303068.6966867
8.882818545886348 136134010.37634456
8.877439147323486 144223053.82157946
8.872059748760623 173262492.87913278
8.866680350197761 140963471.90919796
8.861300951634897 173680065.03694957
8.855921553072035 163964254.13818154
8.850542154509172 154563230.67631733
8.84516275594631 191149568.42642507
8.839783357383448 150788844.26062202
8.834403958820586 203869342.27050728
8.829024560257723 197341511.60891858
8.823645161694861 280513640.97581977
8.818265763131999 153032343.86687538
8.812886364569136 200229397.93524286
8.807506966006272 173311883.41688657
8.80212756744341 222036114.66801134
8.796748168880548 199543889.61254516
8.791368770317685 196499747.64977872
8.785989371754823 189938622.54782793
8.780609973191961 262798117.7408297
8.775230574629099 231621769.66641268
8.769851176066236 241975099.1009028
8.764471777503374 211613142.15937436
8.75909237894051 248026181.17658177
8.753712980377648 256758904.90880492
8.748333581814785 255036118.19852263
8.742954183251923 300017445.43538904
8.73757478468906 309518529.78120184
8.732195386126198 286723649.4866678
8.726815987563336 279859494.8551762
8.721436589000474 326125238.8767125
8.716057190437612 299219399.2323467
8.71067779187475 312617907.5567709
8.705298393311885 315895136.11128765
8.699918994749023 327267560.98106766
8.69453959618616 344531684.8569459
8.689160197623298 420999199.5545456
8.673022001934712 457399073.4390087
8.667642603377443 398153989.7774659
8.6622631479552 512336742.8547698
8.656883806246125 495539913.4800176
8.65150440768326 482933149.61993814
8.646125009120398 524814864.6806868
8.629986813431811 604868270.359882
8.624607414868949 638589268.7960764
8.592331023491774 2109095682.3252747
8.586951624928911 1060521017.6461482
8.581572226366049 1108601817.3065555
8.570813429240324 1283149741.1413867
8.565434030677462 1413684452.3841553
8.5600546321146 1220093323.911416
8.554675233551738 1661489657.3447556
8.549295834988873 1671025621.9045434
8.543916436426011 1904273645.0386133
8.538537037863149 2234227557.657422
8.522398842174562 2608065728.844245
8.5170194436117 2821184946.7723603
8.511640045048837 3153082612.532442
8.506260646485975 3496675489.3520393
8.500881247923113 3552410620.7383323
8.490122450797386 2452783103.375334
8.484743052234524 3996060631.057743
8.468604856545937 6198335580.847929
8.463225457983075 7108603976.372857
8.457846059420213 8294451980.314755
8.420190269480175 19378901050.017555
8.414810870917313 23961975369.59238
8.40943147235445 26050705497.06784
8.404052073791588 32980293844.679768
8.393293276665862 37085880953.34729
8.382534479540137 32380678611.910744
8.371775682414413 46659521903.3386
8.361016885288688 34204868459.35023
8.350258088162963 25613378588.41954
8.339499291037237 28857888375.609783
8.334119892474375 17784477514.107807
8.328740493911512 18768682025.64167
8.317981696785788 18547446918.501663
8.312602298222926 19410567392.108433
8.307222899660063 19761267736.196083
8.301843501097201 13767450680.449823
8.296464102534339 12367255009.837774
8.291084703971475 11564500918.974674
8.285705305408612 10966196539.936516
8.28032590684575 9609666036.709288
8.274946508282888 9533066650.378946
8.269567109720025 8575815989.023307
8.264187711157163 9492740984.122526
8.2588083125943 9614788214.658646
8.253428914031439 7046124995.768345
8.248049515468576 7416122777.575289
8.242670116905714 6748300942.6714525
8.23729071834285 6211160025.095524
8.231911319779988 6404432084.025313
8.226531921217125 5582395859.566529
8.221152522654263 5225915902.157884
8.2157731240914 4212756251.733755
8.210393725528538 4645107712.465382
8.205014326965676 4300896811.695722
8.199634928402814 4003291264.235561
8.194255529839952 4522107523.421206
8.188876131277087 3907678124.140032
8.183496732714225 3446261856.716293
8.178117334151363 3370658151.9402657
8.1727379355885 3217601211.9701595
8.167358537025638 2982536789.292043
8.161979138462776 3219128641.5445523
8.156599739899914 2844506525.7450438
8.151220341337051 2568096203.257629
8.14584094277419 2432891148.3841352
8.140461544211327 2337359100.6551523
8.135082145648463 2216842067.9997945
8.1297027470856 2134625021.8719387
8.124323348522738 2041753930.022064
8.118943949959876 1960034192.4631414
8.113564551397014 1868187170.9657433
8.108185152834151 1800887936.8198867
8.102805754271289 1709184344.1880944
8.097426355708427 1661330719.6597118
8.092046957145564 1581064076.0116816
8.0866675585827 1566164368.426585
8.081288160019838 1495106963.417972
8.075908761456976 1428707523.792774
8.070529362894113 1362958641.1369185
8.065149964331251 1321377999.3570287
8.059770565768389 1157470404.0412664
8.054391167205527 1223516794.6003792
8.049011768642664 1173127688.9579587
8.043632370079802 1134010707.6212072
8.03825297151694 864009862.41995
8.032873572954076 1048431469.4987439
8.027494174391213 1003629017.8128172
8.022114775828351 979987922.2588506
8.016735377265489 883154225.4643114
8.011355978702627 901775076.3910259
8.005976580139764 892280566.4037361
8.000597181576902 865858252.5153306
7.995217783014039 844163654.0777909
7.9898383844511764 817352817.5433493
7.984458985910047 803927393.7290102
7.979079369386651 795230489.0790662
7.97370018876259 757262691.4489849
7.968320790199726 734055124.1187576
7.962941391636864 712319475.7785497
7.957561993074002 687092256.5128738
7.9521825945111395 668627376.3229764
7.946803195948277 647812254.2981052
7.941423797385414 635769343.885557
7.936044398822552 622393727.1290184
7.9306650002596895 619116446.1505003
7.925285601696827 591554650.3825195
7.919906203133965 580585094.1349458
7.914526804571102 560612458.5655267
7.909147406008239 554384910.1213549
7.903768007445377 551490523.3513366
7.898388608882515 523605792.280769
7.893009210319652 518524454.612633
7.887629811756789 502183806.97026485
7.882250413193927 498164402.5466043
7.876871014631065 481284668.7156962
7.8714916160682025 470484459.9931248
7.866112217505339 458045138.96635044
7.860732818942477 449561457.3056321
7.855353420379615 439187958.2757969
7.849974021816752 436209780.4976798
7.84459462325389 419097020.5238936
7.839215224691027 416060895.51049423
7.833835826128165 405164390.67261344
7.828456427565302 394306931.78788143
7.82307702900244 392790636.01370394
7.817697630439578 378441405.4415332
7.812318231876715 370378456.6611551
7.806938833313852 370779116.36296624
7.80155943475099 361851454.83966
7.796180036188128 349097238.32213116
7.790800637625265 345199131.0183669
7.785421239062402 340033282.311309
7.78004184049954 336750734.2706801
7.774662441936678 320786204.659373
7.769283043373815 317348681.9680049
7.763903644810953 311574836.8344277
7.75852424624809 304540288.97284406
7.753144847685228 304582692.45520777
7.747765449122365 297082190.9077393
7.742386050559503 288531592.53951913
7.73700665199664 282422219.46667826
7.7316272534337775 282383498.974926
7.726247854870915 273927473.01391536
7.720868456308053 268120954.16708863
7.715489057745191 261343081.14298213
7.7101096591823275 256075623.80413887
7.704730260619465 253668311.2120747
7.699350862056603 249690231.2249189
7.693971463493741 246555667.40462208
7.688592064930878 241121283.8202929
7.683212666368015 237488155.300869
7.677833267805153 232854198.1460239
7.672453869242291 230860504.73686627
7.667074470679428 227862423.373304
7.661695072116566 222713105.7371777
7.656315673553703 221164480.78659537
7.6509362749908405 217926846.05696303
7.645556876427978 213765609.25666174
7.640177477865116 209519574.33663952
7.634798079302254 206265761.29472536
7.6294186807393904 204264295.04390368
7.624039282176528 202128920.40969005
7.618659883613666 198668332.1867351
7.613280485050804 195162537.1466603
7.60790108648794 194218184.608546
7.602521687925078 189640661.59053248
7.597142289362216 188143960.99749368
7.5917628907993535 185127733.67909512
7.586383492236491 182842471.61294731
7.581004093673628 184311695.48111564
7.575624695110766 177655500.13786766
7.5702452965479035 175061279.899227
7.564865897985041 172890176.84184897
7.559486499422179 172772782.39788786
7.554107100859316 170704224.0443576
7.548727702296453 166498018.1738758
7.543348303733591 165552672.38585606
7.537968905170729 164202750.65215695
7.5325895066078665 160498797.1502486
7.527210108045003 157868212.9012048
7.521830709482141 155522253.27962282
7.516451310919279 153969221.32666653
7.5110719123564165 151882178.38788715
7.505692513793554 149862105.64438075
7.500313115230691 147065543.17425546
7.494933716667829 145743305.40593943
7.489554318104966 144139746.1564011
7.484174919542104 141162871.32706916
7.478795520979241 140045253.21022493
7.473416122416379 138605972.0325395
7.468036723853516 136692544.22690946
7.462657325290654 134346862.2880819
7.457277926727792 133020652.16439867
7.451898528164929 131461651.59307471
7.446519129602066 130187498.74873245
7.441139731039204 128811192.29016604
7.435760332476342 127662842.23076306
7.430380933913479 124595577.81893206
7.425001535350616 123588445.7988969
7.419622136787754 121623175.55120791
7.414242738224892 121788927.49072278
7.408863339662029 120244507.25314233
7.403483941099167 119431944.7126655
7.398104542536304 117833732.71642403
7.392725143973442 116602158.84399286
7.387345745410579 115550755.74395074
7.381966346853527 114474108.84944186
7.376586890567996 112852105.88660878
7.3712075497219915 112017806.84638561
7.365828151159129 111519012.26815794
7.360448752596267 110611612.18089435
7.355069354033405 109793531.51698278
7.3496899554705415 108645052.27570741
7.344310556907679 107158327.75269373
7.338931158344817 107112101.16226408
7.333551759781955 105029184.56705728
7.328172361219092 104008100.1318113
7.322792962656229 103065524.98742425
7.317413564093367 102083099.81515922
7.312034165530505 101087697.6176413
7.306654766967642 100150169.23403135
7.30127536840478 99133253.52371934
7.295895969841917 98131526.09653836
7.2905165712790545 97241571.65185289
7.285137172716192 96626834.35299972
7.27975777415333 95532097.96113202
7.274378375590468 94527500.5372431
7.2689989770276044 93174246.81562515
7.263619578464742 92458306.36104745
7.25824017990188 91000027.60028484
7.252860781339018 90285092.40632577
7.247481382776155 89626100.63175958
7.242101984213292 88575700.03926863
7.23672258565043 87659357.8098473
7.2313431870875675 86919699.54556602
7.225963788524705 86650104.45565729
7.220584389961842 85668228.0296062
7.21520499139898 84749991.26520918
7.2098255928361175 84162455.37190159
7.204446194273255 83541819.17275712
7.199066795710393 82643130.91804063
7.19368739714753 81879901.53497055
7.188307998584667 80971057.40304285
7.182928600021805 79847399.57615997
7.177549201458943 79303244.03908801
7.1721698028960805 78522606.03250937
7.166790404333217 77583820.28958854
7.161411005770355 76941489.29871814
7.156031607207493 76157660.01649535
7.1506522086446305 75399946.76782356
7.145272810081768 74883573.63931665
7.139893411518905 74031068.38759956
7.134514012956043 73185946.03318772
7.12913461439318 72353595.86585866
7.123755215830318 71753102.57876152
7.118375817267456 71497274.07899643
7.112996418704593 70445315.86367825
7.10761702014173 70261376.64886494
7.102237621578868 69527621.2874876
7.096858223016006 69100922.07362436
7.0914788244531435 68429578.51856863
7.08609942589028 68193690.43769285
7.080720027327418 67711171.1593198
7.075340628764556 66894857.538070045
7.069961230201693 66616851.453385875
7.06458183163883 66138632.76336045
7.059202433075968 65971091.002247036
7.053823034513106 64881625.8355738
7.048443635950243 64242984.31367538
7.043064237387381 63485750.08135369
7.037684838824518 63021942.38419068
7.032305440261656 62074460.927152716
7.026926041698793 62097868.81006315
7.021546643135931 61393251.89025047
7.016167244573069 60841226.30005374
7.0107878460102055 60752424.93496742
7.005408447447343 60146700.14470439
7.000029048884481 59598330.34661868
6.994649650321619 58879535.35589583
6.989270251758756 58535628.39093388
6.983890853195893 57805215.62032624
6.978511454633031 57463547.28108388
6.973132056070169 56823569.11746456
6.967752657507306 56311407.47513942
6.962373258944444 55610020.05432272
6.956993860381581 55044473.07674989
6.951614461818719 54591345.25450258
6.946235063255856 54123276.487539
6.940855664692994 53561825.48343034
6.935476266130131 53303778.1972064
6.9300968675672685 52898764.62008052
6.924717469004406 52437035.104244255
6.919338070441544 51993832.2274214
6.913958671878682 51767699.27685146
6.9085792733158184 51604953.80587655
6.903199874752956 51038616.24768929
6.897820476190094 50478252.993470035
6.892441077627232 50354700.59591974
6.887061679064369 49734290.10584501
6.881682280501506 50333337.49039574
6.876302881938644 49827856.0149893
6.8709234833757815 49413054.18109932
6.865544084812919 48368539.287364155
6.860164686250057 48701772.97168741
6.854785287687194 48236401.15991013
6.8494058891243315 47681910.47566441
6.844026490574164 47214174.76455771
6.83864696537359 46694856.191329375
6.833267693435745 46552660.77692743
6.827888294872881 46128950.700681634
6.822508896310019 45651937.21277132
6.817129497747157 45171338.64056687
6.8117500991842945 44611186.63786756
6.806370700621431 44543104.750711195
6.800991302058569 44153677.17337834
6.795611903495707 43840302.13931587
6.7902325049328445 43505299.42662519
6.784853106369982 43076692.87112773
6.779473707807119 42874055.200664364
6.774094309244257 42513298.89010483
6.768714910681394 42082256.93320453
6.763335512118532 42024766.83577323
6.75795611355567 41576960.96783605
6.752576714992807 41182875.76135552
6.747197316429944 41017540.50856676
6.741817917867082 40657760.30969358
6.73643851930422 40269304.0987873
6.7310591207413575 39967328.109941125
6.725679722178494 39528034.29899025
6.720300323615632 39164760.70518846
6.71492092505277 38899728.358550884
6.709541526489907 38546708.20747866
6.704162127927045 38315943.52502953
6.698782729364182 37926839.728442036
6.69340333080132 37759540.41300908
6.688023932238457 37397665.80946635
6.682644533675595 37157777.25518529
6.677265135112732 36705610.645046115
6.67188573654987 36448077.04944518
6.666506337987007 36196858.35941782
6.661126939424145 36084017.21931499
6.655747540861283 35771906.7909621
6.6503681422984195 35397457.90559523
6.644988743735557 35120695.2399461
6.639609345172695 34784871.82362223
6.634229946609833 34540550.97481947
6.62885054804697 34310015.62812255
6.623471149484107 33979752.17631138
6.618091750921245 33710729.92626929
6.612712352358383 33460967.41347385
6.60733295379552 33203909.08588073
6.601953555232658 32917182.529827494
6.596574156669795 32843309.334970903
6.591194758106933 32560474.24985221
6.58581535954407 32342792.406081002
6.580435960981208 32013610.455592617
6.575056562418346 31643684.479878936
6.5696771638554825 31314521.163688052
6.56429776529262 31112804.11790117
6.558918366729758 30841851.112508547
6.553538968166896 30560415.717650276
6.5481595696040324 30321060.456849884
6.54278017104117 30004222.12052278
6.537400772478308 29793406.39705405
6.532021373915446 29610744.11160689
6.526641975352583 29267233.51837179
6.52126257678972 29026479.361493073
6.515883178226858 28788220.75070685
6.5105037796639955 28654861.370568406
6.505124381101133 28364582.04218061
6.499744982538271 28237559.223208398
6.494365583975408 28006939.84670827
6.4889861854125455 27908716.924149748
6.483606786849683 27663799.94197182
6.478227388286821 27451364.94301312
6.472847989723959 27235815.90482255
6.467468591161095 27125858.639419563
6.462089192598233 26928930.218951363
6.456709794035371 26582216.717787173
6.4513303954725085 26326842.08843569
6.445950996909646 26291930.6209546
6.440571598346783 25977094.044585153
6.435192199783921 25882035.287324313
6.4298128012210585 25785837.903130513
6.424433402658196 25572764.071756545
6.419054004095334 25351882.59672033
6.413674605532471 25159096.501044873
6.408295206969608 25074142.782566432
6.402915808406746 24798896.867784344
6.397536409843884 24608873.332749452
6.392157011281021 24533032.99232016
6.386777612718158 24349211.77098278
6.381398214155296 24078256.749900024
6.376018815592434 23927841.23956524
6.3706394170295715 23832622.3877941
6.365260018472734 23667883.518443502
6.35988056009806 23484729.923560705
6.354501221340984 23298343.89576399
6.349121822778121 23212761.542031173
6.343742424215259 23074599.51284666
6.338363025652396 22885916.253245074
6.332983627089534 22834320.722445965
6.327604228526671 22685760.782517508
6.322224829963809 22482368.824413512
6.316845431400947 22357570.821882054
6.311466032838084 22140648.72278609
6.306086634275221 22075036.630116425
6.300707235712359 21887359.19989349
6.295327837149497 21753874.793279808
6.289948438586634 21647846.54914641
6.284569040023771 21497715.305493683
6.279189641460909 21433073.52013596
6.273810242898047 21336799.11777311
6.268430844335184 21110580.57073472
6.263051445772321 20978499.576923158
6.257672047209459 20868947.36461001
6.252292648646597 20693544.419310015
6.246913250083734 20591436.54869741
6.241533851520872 20502193.903950445
6.236154452958009 20453497.30033949
6.230775054395147 20346955.281639587
6.225395655832284 20200233.264633324
6.220016257269422 20046553.803103838
6.21463685870656 19988889.80718962
6.2092574601436965 19827522.871064316
6.203878061580834 19698091.783535734
6.198498663017972 19623985.302847832
6.19311926445511 19470098.7131947
6.187739865892247 19354951.205521252
6.182360467329384 19313807.950043414
6.176981068766522 19152157.170253944
6.17160167020366 19022835.42626421
6.166222271640797 18734800.10763003
6.160842873077935 18618012.796165437
6.155463474515072 18569293.423023928
6.1500840759522095 18472215.37681046
6.144704677389347 18335755.28038261
6.139325278826485 18284707.540712323
6.133945880263622 18150382.1008516
6.1285664817007595 18117128.27157209
6.123187083137897 18004534.288474
6.117807684575035 17867306.90054674
6.112428286012173 17856935.55873302
6.107048887449309 17636448.744097684
6.101669488886447 17513046.214460228
6.096290090323585 17347746.097350452
6.0909106917607225 17225782.20720923
6.08553129319786 17037188.360880274
6.080151894634997 16965555.91364105
6.074772496072135 16820102.86714842
6.0693930975092725 16684110.05965935
6.06401369894641 16466134.95633004
6.058634300383548 16291404.186372263
6.053254901820685 16074494.17957654
6.047875503257822 16041450.637190258
6.04249610469496 15886951.755401075
6.037116706132098 15757030.512532
6.0317373075692355 15703310.813296927
6.026357909006372 15623307.293484323
6.02097851044351 15557737.015697034
6.015599111880648 15450619.431803362
6.0102197133177855 15417235.39213809
6.004840314754922 15339634.192564586
5.99946091619206 15209662.433290068
5.994081517629198 15172826.033952454
5.988702119066335 15122694.487443097
5.983322720503473 15001833.369327063
5.97794332194061 14948534.05288444
5.972563923377748 14891905.676061397
5.967184524814885 14784484.414012963
5.961805126252023 14711674.778044082
5.956425727689161 14681768.89645462
5.951046329126298 14659688.832324602
5.945666930563435 14579221.415033164
5.940287532000573 14539497.980729371
5.934908133454279 14322054.667711426
5.929528569033154 14297931.636022668
5.924149336311985 14295813.146751603
5.918769937749123 14218652.638765411
5.913390539186261 14144363.422025409
5.908011140623398 14144175.132892912
5.902631742060536 14014037.225857204
5.897252343497673 14025982.71006073
5.891872944934811 14050357.32723536
5.886497953250777 13935914.076923037
5.886493546371948 13895208.058479747
5.881114147809086 13905754.592266995
5.875734749246223 13828664.010056261
5.870355350683361 13801017.440456975
5.864975952120498 13786545.434330694
5.859596553557636 13737245.326143917
5.854217154994774 13618813.318671089
5.8488377564319105 13600047.796558918
5.843458357869048 13543615.607418107
5.838078959306186 13464658.109219637
5.832699560743324 13484578.319348056
5.827320162180461 13473506.918821888
5.821940763617598 13448206.551874645
5.816561365054736 13360834.528601201
5.811181966491874 13339794.745087955
5.805802567929011 13295550.746458566
5.800423169366149 13244566.062143542
5.795043770803286 13192805.526961613
5.7896643722404235 13189582.949806971
5.784284973677561 13159413.327121051
5.778905575114699 13101642.00279057
5.773526176551837 13052475.094214061
5.7681467779889735 13014718.80633307
5.762767379426111 12994695.899500117
5.757387980863249 12939496.227498952
5.752008582300387 12899752.625643859
5.746629183737524 12828819.421473108
5.741249785174661 12766942.557235017
5.735870386611799 12714732.415817097
5.7304909880489365 12645211.076321986
5.725111589486074 12573035.927566556
5.719732190923211 12529008.44242393
5.714352792360349 12505147.864296716
5.7089733937974865 12461117.797331262
5.703593995234624 12407902.193666968
5.698214596671762 12355348.852668302
5.692835198108899 12328037.676092258
5.687455799546036 12224087.190459842
5.682076400983174 12226529.353078593
5.676697002420312 12084296.703451985
5.6713176038574495 12044628.7270853
5.665938205294586 12006561.963846033
5.660558806731724 11965023.429877944
5.655179408168862 11874398.50978006
5.6498000096059995 11821615.121481827
5.644420611043137 11727949.692025134
5.639041212480274 11709915.427531643
5.633661813917412 11649588.510953104
5.628282415354549 11618151.669206707
5.622903016791687 11606795.303182697
5.617523618228825 11526722.97147986
5.612144219665962 11436282.427305168
5.606764821103099 11420492.665893523
5.601385422540237 11391044.541955147
5.596006023977375 11323437.225206023
5.590626625414512 11292025.45561436
5.585247226851649 11213022.171837455
5.579867828288787 11114257.685741931
5.574488429725925 11049204.44796103
5.569109031163062 11017718.652310377
5.563729632600199 10993351.857912825
5.558350234037337 10946976.635837447
5.552970835474475 10825471.548610356
5.5475914369445345 10780447.161449112
5.542211708746974 10766380.374289855
5.536832639785887 10729075.080007546
5.531453241223025 10728353.448997209
5.526073842660162 10676066.333757157
5.5206944440973 10644435.836908488
5.515315045534438 10582325.688202411
5.509935646971575 10564367.539274048
5.504556248408712 10518620.819441127
5.49917684984585 10471354.965095311
5.493797451282988 10448857.379421152
5.488418052720125 10413777.280690268
5.483038654157262 10350363.46646296
5.4776592555944 10327757.404315844
5.472279857031538 10260194.09025357
5.466900458468675 10239650.416271444
5.461521059905812 10145000.493633835
5.45614166134295 10100782.049191544
5.450762262780088 10049451.588779647
5.445382864217225 10016450.509259444
5.440003465654363 10010879.927713638
5.4346240670915 9969337.322901344
5.4292446685286375 9905299.018644776
5.423865269965775 9810442.206019202
5.418485871402913 9794131.116293197
5.413106472840051 9745769.583305096
5.4077270742771875 9700623.50719537
5.402347675714325 9689728.992794134
5.396968277151463 9659514.230956191
5.391588878588601 9640437.882512929
5.386209480025738 9622191.816758132
5.380830081462875 9563627.827979315
5.375450682900013 9520130.592592318
5.3700712843371505 9498439.94768717
5.364691885774288 9448907.766608521
5.359312487211426 9426851.093701974
5.353933088648563 9430732.42657696
5.3485536900857005 9359575.220945112
5.343174291522838 9322246.043614533
5.337794892959976 9276771.762185838
5.332415494397113 9255156.903357336
5.32703609583425 9208583.773001516
5.321656697271388 9127257.16109358
5.316277298708526 9150542.665010521
5.3108979001456635 9078224.770901076
5.3055185015828 9075689.928607304
5.300139103019938 9009902.450669
5.294759704457076 8966578.727095218
5.2893803058942135 8917559.099214587
5.284000907331351 8881474.79877683
5.278621508768488 8796714.114881873
5.273242110205626 8782334.579915125
5.267862711642763 8731397.542228092
5.262483313079901 8673078.291470526
5.257103914517039 8650348.502142577
5.251724515954176 8594743.399369003
5.246345117391313 8532827.504752375
5.240965718828451 8473701.33235885
5.235586320265589 8439302.017347343
5.2302069217027265 8383548.319715144
5.224827523139863 8339758.659961157
5.219448124577001 8353854.833692759
5.214068726014139 8363251.894339121
5.208689327451276 8292877.601234447
5.203309928888413 8260386.154366131
5.1979305303787 8238906.98140249
5.192550599394813 8224327.381311214
5.187171733199826 8189829.726376362
5.181792334636964 8121498.21087019
5.176412936074101 8114107.808615371
5.171033537511239 8070222.876274367
5.165654138948376 8072225.528995807
5.160274740385514 8036617.260020843
5.154895341822652 7973710.141590401
5.149515943259789 7970470.081059196
5.144136544696926 7922453.861794535
5.138757146134064 7871064.698997949
5.133377747571202 7825796.168268483
5.127998349008339 7852347.562321636
5.122618950445476 7848460.872429832
5.117239551882614 7810955.457889344
5.111860153319752 7761218.7263028035
5.106480754756889 7717444.495147253
5.101101356194027 7686529.959591728
5.095721957631164 7654077.869946067
5.090342559068302 7626343.851137679
5.084963160505439 7615184.833824987
5.079583761942577 7611426.332848715
5.074204363379715 7582427.247823819
5.0688249648168515 7572409.371756111
5.063445566253989 7489560.787261907
5.058066167691127 7494179.900427207
5.052686769128265 7437186.304614616
5.0473073705654015 7418398.368373616
5.041927972002539 7395787.928423866
5.036548573439677 7399499.971050438
5.031169174876815 7368902.377984375
5.025789776313952 7346963.276551323
5.020410377751089 7304906.06257912
5.015030979188227 7309699.752469542
5.0096515806253645 7232246.239134491
5.004272182062502 7214347.487326685
4.99889278349964 7173454.830237154
4.993513384936777 7148511.439630848
4.9881339863739145 7103135.752959651
4.982754587811052 7092315.223502599
4.97737518924819 7039353.943161012
4.971995790685328 7070680.507706541
4.966616392122464 7035168.3530224655
4.961236993559602 7001672.887599526
4.95585759499674 6972131.421134614
4.9504781964338775 6957897.727760481
4.945098797871015 6902764.3795815315
4.939719399308152 6906574.901894858
4.93434000074529 6915617.862523315
4.9289606021824275 6867689.863895128
4.923581203619565 6857444.374017449
4.918201805056702 6876554.6840184685
4.91282240649384 6879321.676574206
4.907443007930977 6822772.719747794
4.902063609368115 6792961.169130825
4.896684210805253 6813726.0231405925
4.89130481224239 6760948.179880983
4.885925413709437 6720667.713448075
4.8805457163732715 6676421.755605506
4.875166616553803 6665972.0761958035
4.8697872179909405 6608120.373279249
4.864407819428077 6578765.563425836
4.859028420865215 6612209.332345204
4.853649022302353 6503820.419986714
4.84826962373949 6515540.514263247
4.842890225176628 6554180.498728972
4.837510826613765 6550783.370425502
4.832131428050903 6547350.275017259
4.82675202948804 6518170.247752835
4.821372630925178 6523575.559500642
4.815993232362316 6529891.200534588
4.810613833799453 6501887.194571132
4.80523443523659 6466735.158448417
4.799855036673728 6453554.381303394
4.794475638110866 6396049.436906778
4.789096239548003 6358980.491604615
4.78371684098514 6363668.031432884
4.778337442422278 6351381.815668616
4.772958043859416 6317525.265953518
4.767578645296553 6289898.539151464
4.76219924673369 6263416.599571051
4.756819848170828 6242627.322231261
4.751440449607966 6206889.234611572
4.746061051045103 6146915.128933797
4.740681652482241 6089159.833468096
4.735302253919378 6082435.110460401
4.729922855356516 6068812.986361607
4.724543456793653 6010391.316719207
4.719164058230791 6004621.117862086
4.713784659667929 5980922.802820764
4.7084052611050655 5895734.645266046
4.703025862542203 5915730.961503784
4.697646463979341 5859616.043484363
4.692267065416479 5854433.463212788
4.686887666853616 5797305.292071277
4.681508268290753 5798971.23600386
4.676128869727891 5796596.186819142
4.670749471165029 5727269.925949449
4.665370072602166 5726980.597386099
4.659990674039303 5732941.447469087
4.654611275476441 5718372.697840897
4.6492318769135785 5665678.539198463
4.643852478350716 5624852.376107706
4.638473079787854 5614163.151939907
4.633093681224991 5589482.629073707
4.6277142826621285 5580866.724887346
4.622334884099266 5569336.216668213
4.616955485536404 5554769.253311811
4.611576086973542 5546543.202689033
4.606196688410678 5519821.69479987
4.600817289877511 5486924.150865075
4.595437593387202 5470426.567406142
4.5900584927220915 5411609.358698198
4.584679094159229 5397425.82175466
4.579299695596366 5381062.219318413
4.573920297033504 5365865.088311087
4.5685408984706415 5331762.891678144
4.563161499907779 5302483.104788601
4.557782101344917 5266529.627511374
4.552402702782054 5262025.304938045
4.547023304219191 5235551.787438034
4.541643905656329 5195082.7314143665
4.536264507093467 5193453.803478113
4.530885108530604 5168230.523896839
4.525505709967741 5153827.5380118415
4.520126311404879 5125566.274878056
4.514746912842017 5085251.954694716
4.5093675142791545 5066448.896317424
4.503988115716291 5058767.252738732
4.498608717153429 5034811.912253214
4.493229318590567 5019136.379790674
4.487849920027704 5001559.131079607
4.482470521464842 4974582.155149955
4.477091122901979 4957777.043072886
4.471711724339117 4913514.9196128305
4.466332325776254 4888150.129109341
4.460952927213392 4889261.312997961
4.45557352865053 4879095.050635447
4.450194130087667 4860270.77262034
4.444814731524804 4860157.38073225
4.439435332961942 4848120.335109406
4.43405593439908 4847401.56438105
4.4286765358362175 4831637.1471534595
4.423297137273354 4786883.716702129
4.417917738710492 4798781.836303078
4.41253834014763 4792396.615061947
4.407158941584767 4768062.012562304
4.401779543021905 4766842.8478033645
4.396400144459042 4753981.959238247
4.39102074589618 4718553.609348595
4.385641347333317 4714390.346147944
4.380261948770455 4722548.342081512
4.374882550207592 4725440.073478642
4.36950315164473 4704624.047058568
4.364123753081867 4699244.741084445
4.358744354519005 4695663.12667113
4.353364955956143 4694419.379029969
4.3479855573932795 4696887.271072134
4.342606158848492 4679070.953527587
4.337226579399265 4653911.767093755
4.331847361704693 4661070.7040626295
4.32646796314183 4633564.401231541
4.321088564578967 4610324.09761543
4.315709166016105 4606834.283787867
4.310329767453243 4613143.763581427
4.30495036889038 4602600.685319149
4.299570970327518 4581694.858173271
4.294191571764655 4575017.378703541
4.2888121732017925 4554878.135366515
4.28343277463893 4557197.247045579
4.278053376076068 4535996.422751808
4.272673977513206 4521937.4976360705
4.2672945789503425 4489811.200481383
4.26191518038748 4494780.04068974
4.256535781824618 4478680.820944894
4.251156383261756 4474649.414940865
4.245776984698892 4451973.481149073
4.24039758613603 4433791.212217257
4.235018187573168 4445118.485391493
4.2296387890103055 4428347.658483111
4.224259390447443 4381462.877459797
4.21887999188458 4375953.360007086
4.213500593321718 4373358.011449333
4.2081211947588555 4390357.631375457
4.202741796195993 4378877.077419775
4.197362397633131 4377873.907046826
4.191982999070268 4347510.780158975
4.186603600507405 4363192.524179079
4.181224201944543 4358061.050927507
4.175844803381681 4331513.277412036
4.1704654048188186 4299601.780474158
4.165086006255955 4291193.137125217
4.159706607693093 4289911.065709529
4.154327209130231 4265603.6689063385
4.1489478105673685 4280549.972555095
4.143568412004506 4271480.789019667
4.138189013441643 4281159.712307164
4.132809614878781 4265513.052682969
4.127430216315918 4260526.338980489
4.122050817753056 4227025.660259429
4.116671419190193 4243397.816529643
4.111292020627331 4197399.451236013
4.105912622064468 4190745.3273676927
4.100533223501606 4181239.39570382
4.095153824938744 4134001.196707843
4.089774426375881 4117250.1831715186
4.084395027813018 4081303.264015891
4.079015629250156 4053158.29658188
4.073636230687294 4030292.9311428606
4.0682568321244315 4042816.946208215
4.062877433561568 4031399.0283596
4.057498034998706 4005502.1108559193
4.052118636435844 3978832.555059811
4.046739237872981 3950708.946097992
4.041359839310119 3926867.288385301
4.035980440747256 3918744.969406028
4.030601042184394 3911233.0355361365
4.025221643621531 3886152.2979921307
4.019842245058669 3872938.9458955987
4.014462846495807 3841344.057535068
4.009083447932944 3834558.5850675805
4.003704049370081 3782424.093926156
3.998324650807219 3778951.13060828
3.9929452522443563 3759954.0373782106
3.987565853681494 3751778.659665967
3.9821864551186317 3708585.2655062648
3.976807056555769 3683279.8207388557
3.9714276579929066 3667551.1648509656
3.966048259430044 3648221.293693836
3.9606688608671816 3618763.5648940867
3.955289462304319 3577535.9302849737
3.9499100637414566 3553579.4767961698
3.9445306651785943 3531917.176720132
3.9391512666157316 3501826.9274717057
3.9337718680528693 3477891.936368055
3.9283924694900065 3444206.890066845
3.9230130709271442 3405724.713178973
3.917633672364282 3398600.665157967
3.912254273801419 3365231.064512102
3.906874875238557 3332087.764730927
3.901495476675694 3302757.683517802
3.896116078112832 3278795.5169737833
3.890736679549969 3260580.2374881567
3.885357280987107 3259162.204038492
3.8799778824242446 3224830.1269207723
3.874598483861382 3211655.558697532
3.8692190852985195 3193752.963166987
3.863839686735657 3180534.7172143403
3.8584602881727945 3176530.1602492523
3.8530808896099322 3143809.5745275016
3.8477014910470695 3118628.072695026
3.842322092484207 3101346.195456964
3.8369426939213445 3093505.835930662
3.831563295358482 3081882.4716084576
3.8261838967956194 3069857.1404531184
3.820804498232757 3043304.2096392163
3.815425099669895 3044430.379566331
3.810045701107032 3030359.293646594
3.80466630254417 3014982.7596639763
3.799286903981307 3011042.803771864
3.793907505418445 2994708.702245556
3.788528106868923 2959271.2759345756
3.783148575009083 2943607.7142411573
3.7777693097298575 2943735.4269944457
3.7723899111669947 2925589.7889967496
3.7670105126041324 2902785.182065419
3.7616311140412697 2886491.318777878
3.7562517154784074 2880214.220681402
3.750872316915545 2860463.6459908765
3.7454929183526824 2843956.0975350705
3.74011351978982 2832448.413011729
3.7347341212269574 2811622.8375446405
3.729354722664095 2803238.7275118367
3.7239753241012328 2788102.234946395
3.71859592553837 2754756.1457515666
3.7132165269755077 2749292.0495387814
3.707837128412645 2734115.239994275
3.7024577298497827 2752527.3393205493
3.6970783312869204 2736000.890253628
3.6916989327240577 2715090.010879532
3.6863195341611954 2705124.2208642066
3.6809401355983327 2682327.5244556335
3.6755607370354704 2657841.5880797226
3.6701813384726076 2648707.3637355138
3.6648019399097453 2653034.8955681934
3.659422541346883 2646135.962613405
3.6540431427840203 2619205.4356502923
3.648663744221158 2628215.213839873
3.6432843456582953 2612119.429346915
3.637904947095433 2608122.3148336713
3.6325255485325707 2586065.597376604
3.627146149969708 2574943.5817764946
3.6217667514068457 2570625.389537359
3.616387352843983 2560065.895955564
3.6110079542811206 2539927.4443857158
3.605628555718258 2525740.747698513
3.6002491571553956 2517828.146209306
3.5948697585925333 2502569.8199761068
3.5894903600296706 2485089.3406132017
3.5841109614668083 2477987.9381327634
3.5787315629039456 2466407.980876998
3.5733521643410833 2454190.142459792
3.567972765778221 2448506.558659951
3.5625933672153582 2431937.1612125468
3.557213968652496 2414391.8326025526
3.551834570089633 2405228.466985716
3.546455171526771 2383863.0340857296
3.541075772963908 2369029.6327410466
3.535696374401046 2355333.356944111
3.5303169758381836 2350659.4375239606
3.524937577275321 2339103.0164047126
3.5195581787124586 2325222.240159458
3.514178780149596 2323230.9363493766
3.5087993815867335 2310990.648225115
3.5034199830238713 2302219.0682141674
3.4980405844610085 2282238.0805942407
3.4926611858981462 2287766.50849777
3.4872817873352835 2261494.7615703237
3.481902388772421 2263977.528593251
3.4765229902095585 2259457.611330916
3.471143591646696 2250055.92002766
3.465764193083834 2238535.015655435
3.460384794520971 2228116.415050299
3.455005395958109 2212651.550569436
3.449625997395246 2209556.964864009
3.444246598832384 2197656.1188452737
3.4388672002695215 2200722.1262312485
3.433487801706659 2179579.3009328954
3.4281084031437965 2170899.338717184
3.4227290045809338 2160837.475580446
3.4173496060180715 2146854.4933949197
3.4119702074552087 2142880.7570497873
3.4065908088923464 2138646.2453507227
3.401211410329484 2117545.4756941283
3.3958320117666214 2117798.9325430403
3.390452613203759 2087022.2994964062
3.3850732146408964 2039005.7377528297
3.379693816078034 2038209.266397233
3.374314417515172 2017788.4266893761
3.368935018952309 2017434.1312579813
3.3635556203894468 1996420.816440189
3.358176221826584 2006238.2071864735
3.3527968232637217 1993213.9712657994
3.347417424700859 1993300.2456539006
3.3420380261379967 1998918.7395322586
3.3366586276257006 2006886.6655504415
3.331278724414143 2002951.310295237
3.3258998304494094 1986800.374243884
3.3205204318865467 1981882.7209141904
3.3151410333236844 1980597.8821237683
3.309761634760822 1972861.4271981714
3.3043822361979593 1980138.118411784
3.299002837635097 1976618.6818716312
3.2936234390722343 1982778.6804226586
3.288244040509372 1983835.4607128985
3.2828646419465093 1985184.5095260888
3.277485243383647 1979341.320109935
3.2721058448207847 1979649.5974493797
3.266726446257922 1978343.8833721834
3.2613470476950597 1979273.730133212
3.255967649132197 1979430.9287953626
3.2505882505693346 1970761.1592670258
3.2452088520064724 1975646.727025694
3.2398294534436096 1970627.1529917682
3.2344500548807473 1975562.2285851121
3.2290706563178846 1976751.7549335111
3.2236912577550223 1978709.617137636
3.2183118591921596 1987541.4891689646
3.2129324606292973 1985223.7111169186
3.207553062066435 1996195.748812496
3.2021736635035722 2009929.849314804
3.19679426494071 2002789.9626981057
3.191414866377847 2006852.2798141954
3.186035467814985 2002300.4974852602
3.1806560692521226 1999280.1118618515
3.17527667068926 2003827.5431019203
3.1698972721263976 2006072.717555066
3.164517873563535 2008268.159953758
3.1591384750006726 2009231.422890116
3.15375907643781 1995445.7358897883
3.1483796778749475 2014336.9813016683
3.1430002793120853 2005479.3049631095
3.1376208807492225 2017529.2700246922
3.1322414821863602 2019770.9268154562
3.1268620836234975 2007518.3658400232
3.121482685060635 2011517.7892663316
3.116103286497773 2009441.9672532985
3.11072388793491 2019247.7764481353
3.105344489372048 2028763.847689588
3.099965090809185 2031568.3936497816
3.094585692246323 2023983.3365079241
3.08920629368346 2023240.269932274
3.083826895120598 2026220.2725686003
3.0784474965577355 2018870.9281718156
3.073068097994873 2012258.7096150273
3.0676886994320105 2022456.878947544
3.0623093008691478 2011643.4762036055
3.0569299023062855 2009882.620174533
3.051550503743423 2009484.2255246264
3.0461711051805604 2014657.9771494928
3.040791706617698 2016687.59715326
3.0354123080548354 2010666.4597271222
3.030032909491973 2009870.9600729672
3.024653510929111 2010800.5962189646
3.019274112366248 2017606.8263265118
3.013894713803386 2021527.0615178752
3.008515315240523 2015340.8498882132
3.0031359166776608 2022038.4508541103
2.997756518114798 2020565.072181792
2.9923771195519357 2012885.7280127087
2.9869977209890735 2008855.3833575374
2.9816183224262107 1996750.333107689
2.9762389238633484 2007129.7934712311
2.970859525332762 1999287.7154786137
2.965479804948456 2001128.3201128126
2.960100728174761 1992788.1615073278
2.9547213296118984 1999634.8123480056
2.949341931049036 1994867.0295084233
2.9439625324861733 1994280.3028051073
2.938583133923311 1983552.3659010646
2.9332037353604483 1983302.4219865357
2.927824336797586 1970426.389705699
2.9224449382347237 1967036.7162949126
2.917065539671861 1964864.9820613381
2.9116861411089987 1968075.4204264798
2.906306742546136 1959315.7272628522
2.9009273439832737 1948456.6065435575
2.8955479454204114 1950394.7141687728
2.8901685468575486 1944204.2469334442
2.8847891482946864 1861092.6556689758
2.8794097497318236 1918767.1596728473
2.8740303511689613 1912502.96571421
2.8686509526060986 1894882.8141743804
2.8632715540432363 1888496.029944625
2.857892155480374 1876199.3871447975
2.8525127569175113 1815244.7263815324
2.847133358354649 1859281.843699433
2.8417539597917862 1857405.620094492
2.836374561228924 1848520.2486338883
2.8309951626660617 1839886.7170085735
2.825615764103199 1824959.1969873994
2.8202363655403366 1822349.9129352393
2.814856966977474 1819703.0997991792
2.8094775684146116 1815645.9332687056
2.804098169851749 1802478.5202395269
2.7987187712888866 1798932.6957341908
2.7933393727260243 1790309.7760994716
2.7879599741631615 1785626.414336252
2.7825805756002993 1770173.0520663154
2.7772011770374365 1762056.8687086413
2.7718217784745742 1755893.7313112516
2.766442379911712 1747063.1179005457
2.761062981348849 1736203.76381473
2.755683582785987 1730180.3639224267
2.750304184223124 1727749.9193988214
2.7449247856602614 1715811.0106869014
2.739545387097399 1709639.4634273844
2.7341659885345364 1700949.5875136761
2.728786589971674 1694184.7826351866
2.723407191408812 1674494.727018225
2.718027792845949 1663088.331541963
2.712648394283087 1653168.8472974303
2.707268995720224 1649050.9439184002
2.7018895971573618 1633583.0941397862
2.696510198594499 1622176.8393468997
2.6911308000316367 1613138.8867280537
2.6857514014687744 1604026.315109713
2.6803720029059117 1594377.055337366
2.6749926043430494 1578457.7845818407
2.6696132057801867 1553056.9452250095
2.664233807259714 1541782.568880088
2.658853985152703 1528708.1995693916
2.6534750100915994 1516293.1950218764
2.648095611528737 1514962.793350109
2.6427162129658743 1507695.5458934878
2.637336814403012 1484399.558819477
2.6319574158401493 1481151.333119647
2.626578017277287 1462956.604626622
2.6211986187144247 1447743.8583203834
2.615819220151562 1437677.4940969916
2.6104398215886997 1424303.8244873288
2.605060423025837 1415972.240943041
2.5996810244629747 1401662.862218816
2.5943016259001124 1391842.8977430402
2.5889222273372496 1379292.091633275
2.5835428287743873 1372742.0738897864
2.5781634302115246 1349620.367775279
2.5727840316486623 1325593.4232957715
2.5674046330857996 1316986.582364852
2.5620252345229373 1304751.3506233727
2.556645835960075 1300477.2300347933
2.5512664373972123 1285927.0901856862
2.54588703883435 1279718.33266408
2.5405076402714872 1264299.7663811063
2.535128241708625 1240547.360422324
2.5297488431457626 1217524.5208181378
2.5243694445829 1196762.6882311578
2.5189900460200376 1174153.695342661
2.513610647457175 1146938.9523487436
2.5082312488943126 1122592.978947257
2.50285185033145 1109402.016102841
2.4974724517685876 1082499.1070056052
2.4920930532057253 1064826.955995583
2.4867136546428625 1055404.004529066
2.4813342560800002 934950.3371416996
2.4759548575171375 1027137.222219992
2.470575458954275 986818.5848900464
2.465196060391413 949652.6032580439
2.45981666182855 919613.1658862976
2.454437263265688 884182.6546321
2.449057864702825 844990.1759385183
2.443678466139963 790676.331385541
2.4382990675771 752289.877225101
2.432919669014238 728250.9231988842
2.4275402704513755 687320.6588125732
2.422160871888513 539310.0580406529
2.4167814733256505 514655.0387732438
2.411402074762788 491161.7002048495
2.4060226762535044 477524.9917337811
2.400642741076269 459083.0533981615
2.3952638790742005 448129.71223358694
2.389884480511338 432625.6000410776
2.3845050819484754 422708.0296950532
2.379125683385613 411220.6658051205
2.3737462848227504 401573.78630011104
2.368366886259888 391238.5344844985
2.362987487697026 385615.4653382929
2.357608089134163 377710.04483003006
2.352228690571301 374352.04961950844
2.346849292008438 366609.07522531797
2.3414698934455758 359466.94964512816
2.3360904948827135 354398.52272160153
2.3307110963198507 348863.0791623211
2.3253316977569884 343716.5105798924
2.3199522991941257 337341.2093217837
2.3145729006312634 327919.8835276835
2.3091935020684007 322284.5518633745
2.3038141035055384 316798.68261342845
2.298434704942676 311888.55691608967
2.2930553063798134 302640.35486270353
2.287675907816951 291346.8949697584
2.2822965092540883 283580.17224692495
2.276917110691226 276681.0075468692
2.2715377121283638 267063.7486988193
2.266158313565501 257793.79878777996
2.2607789150026387 253595.66687719084
2.255399516439776 244082.46753448865
2.2500201178769137 237664.63593014827
2.244640719314051 231744.40449235283
2.2392613207511887 222948.61229566616
2.2338819221883264 212852.10707534695
2.2285025236254636 205274.8870839031
2.2231231250626013 197847.64330642563
2.2177437264997386 189021.1001583539
2.2123643279368763 180422.1841404754
2.206984929374014 175698.96397851908
2.2016055308111513 170376.143383595
2.196226132248289 167031.05838686315
2.1908467337052224 162132.7971775776
2.185467136493221 157998.15312092006
2.1800879365597017 155245.61457850647
2.174708537996839 151877.83800981985
2.1693291394339766 147043.52594196142
2.163949740871114 141074.8199067365
2.1585703423082516 134577.81698370565
2.153190943745389 132357.71012974562
2.147811545182419 128917.92222007447
2.1424321466195564 126457.11309036345
2.137052748056694 123886.31298406639
2.1316733494938314 121210.20941412514
2.126293950930969 119422.82320727492
2.1209145523681068 116985.99146959941
2.115535153805244 112610.18396767761
2.1101557552423817 111696.94516097443
2.104776356679519 108457.74998093036
2.0993969581166567 105000.09011328987
2.094017559553794 102014.09248535176
2.0886381609909317 95741.58568894041
2.0832587624280694 89378.3704528753
2.0778793638652067 86069.13367067787
2.0724999653023444 83037.38602912307
2.0671205667394816 80210.71859805465
2.0617411681766193 79382.51936630343
2.056361769613757 77098.4538924994
2.0509823710508943 76030.00079406143
2.045602972488032 73765.75595874121
2.0402235739251693 72400.75213575273
2.034844175362307 71244.1998844748
2.0294647767994443 70490.29807434448
2.024085378236582 69751.14793325857
2.0187059796737197 68390.94161140185
2.013326581110857 67357.80534095468
2.0079471825479946 66348.6863367109
2.002567783985132 65368.73689267402
1.9971883854222696 64388.831836198915
1.991808986859407 63448.893145192305
1.9864295882965446 63200.97246188321
1.981050189733682 62072.30345043854
1.9756707911708198 61280.61841885408
1.9702913926079573 60378.19773408357
1.9649119940450948 59683.004079568425
1.9595325954822322 58421.052994612415
1.9541531969193697 57491.0078245682
1.9487737983565072 56239.49853672752
1.943394399793645 55241.514161174484
1.9380150012307824 54182.052577727874
1.93263560266792 52695.91557806103
1.9272562041050574 52134.9664868812
1.9218768055421949 52057.560897814416
1.9164974069793324 50325.87719797781
1.91111800841647 49305.24341167108
1.9057386098536075 47951.130771029566
1.900359211290745 46431.90484036958
1.8949798127278825 44283.32597229094
1.88960041416502 41859.26218017936
1.8842210156021575 39920.298287025325
1.8788416170392952 37701.912173322075
1.8734622184764327 36432.47044827411
1.8680828199135702 35140.64792672637
1.8627034213507077 34374.577863613864
1.8573240227878451 34061.34809913328
1.8519446242249828 33110.516231932656
1.8465652256621203 33150.166850065594
1.8411858271166657 32069.06392162876
1.8358062544691065 31931.754979795533
1.8304270299735328 29640.64021797215
1.8250476314106703 29551.984473791716
1.819668232847808 28508.21120748136
1.8142888342849455 27750.310943840665
1.808909435722083 27168.362503751392
1.8035300371592204 26154.60424377612
1.798150638596358 26065.897263322157
1.7927712400334954 25963.366313845756
1.7873918414706331 25460.675052933886
1.7820124429077706 25129.456989898983
1.776633044344908 24609.943218661956
1.7712536457820456 24441.286830962545
1.765874247219183 23854.569498132492
1.7604948486563206 23631.51531199356
1.7551154500934583 23278.78688346974
1.7497360515305957 22673.32807752517
1.7443566529677332 22279.723177193577
1.7389772544048707 21510.128791451505
1.7335978558420082 20789.098069169304
1.7282184572791457 21098.61634908641
1.7228390587162834 20063.90542746529
1.7174596601534209 19735.081401713946
1.7120802615905584 18914.842693223833
1.7067008630276959 18975.184625907084
1.7013214644648333 18591.278290311096
1.6959420659019708 17814.426626616445
1.6905626673391085 17402.054171737298
1.685183268776246 16605.632956271118
1.6798038702133835 15436.466670808304
1.674424471650521 14975.857143102405
1.6690450730876585 14044.11429614453
1.663665674524796 12079.460825020522
1.6582862759619337 11382.872884196071
1.6529068773990712 10833.134021060461
1.6475274788362086 10471.522871240495
1.6421480802733461 10034.37120168514
1.6367686817104836 9885.121424686839
1.631389283147621 9562.010618677072
1.6260098845847588 9316.94211047828
1.6206304860218963 8842.81320641889
1.6152510874590338 8331.867430553757
1.6098716888961713 7714.790723201921
1.6044922903333088 7336.064226367229
1.5991128917704462 7080.046621887362
1.593733493207584 6727.84861422377
1.5883540946447214 6043.49919171952
1.582974696081859 6226.401539685359
1.5775952975189964 5859.337257394933
1.5722158990040322 5541.27151604955
1.566836021538986 5376.619536762565
1.561457101830409 5162.391797353888
1.5560777032675466 4869.718493098053
1.550698304704684 4726.151913418228
1.5453189061418215 4550.120920356944
1.539939507578959 4395.549096415178
1.5345601090160965 4229.774944639454
1.5291807104532342 3990.08188371462
1.5238013118903717 3559.0498489974457
1.5184219133275092 3399.0999972943873
1.5130425147646467 3233.4963067858353
1.5076631162017842 3141.384140999123
1.5022837176389217 2990.194326645201
1.4969043190760594 2893.438090232203
1.4915249205131969 2796.2900706193986
1.4861455219503343 2763.1859050429134
1.4807661233874718 2661.245395581014
1.4753867248246093 2578.127766165801
1.4700073262617468 2481.3171664909764
1.4646279276988845 2435.0758472796992
1.459248529136022 2398.4198966231756
1.4538691305731595 2326.7564820550933
1.448489732010297 2285.2709153476
1.4431103334474344 2237.211113289282
1.437730934884572 2182.3851021519617
1.4323515363217096 2143.3132116970623
1.4269721377588471 2118.8237905615383
1.4215927391959846 2109.166077914148
1.416213340633122 2096.779347777048
1.4108339420702596 2079.841764247785
1.405454543507397 2019.9387238358634
1.4000751449445348 1972.9173001323024
1.3946957463816723 1957.8083619383026
1.3893163478188097 1937.0208203625145
1.3839369492559472 1890.4886726364189
1.3785575506930847 1845.698517085588
1.3731781521302224 1799.6182606691048
1.36779875356736 1783.7077699973913
1.3624193550044974 1797.2801796716362
1.357039956441635 1756.8724281625348
1.3516605578787726 1739.7607666580923
1.34628115931591 1700.0269616311077
1.3409017607530476 1668.9340787168753
1.335522362190185 1646.7668729782952
1.3301429636273225 1627.2425665308472
1.3247635650644602 1584.8265850290693
1.3193841665015977 1554.1508282523553
1.3140047679387352 1509.548323044676
1.3086253693758727 1468.2324705227072
1.3032459708130102 1429.1542891777424
1.2978665722501477 1396.988166078248
1.2924871736872854 1375.703448293697
1.2871077751244229 1344.8378059467634
1.2817283765615604 1302.2869408225515
1.2763489779986978 1269.1273194636242
1.2709695794358353 1244.3840152750015
1.2655901808729728 1202.6182070281386
1.2602107823101105 1176.1060895462806
1.254831383747248 1140.5445538077663
1.2494519851843855 1108.0860878867586
1.244072586621523 1102.89158914385
1.2386931880586605 1099.1476950481483
1.2333137894957982 1046.523578300151
1.2279343909329357 1012.737469677304
1.2225549923700731 984.5226087051477
1.2171755938072106 955.3382629972921
1.2117961952443481 929.5806562713246
1.2064167966814856 923.0515590660162
1.2010373981472846 899.4271023309052
1.1956577129802661 868.0190010253999
1.1902786009928983 846.5108117501998
1.1848992024300358 822.849516044712
1.1795198038671733 801.3229252059936
1.1741404053043107 773.3771966055637
1.1687610067414484 742.74048915377
1.163381608178586 698.8747533390151
1.1580022096157234 685.7695489325208
1.152622811052861 646.7551515244087
1.1472434124899984 638.4890346974665
1.1418640139271359 631.2027945844505
1.1364846153642736 621.6301605854488
1.131105216801411 594.271438908353
1.1257258182385486 561.5943786854059
1.120346419675686 549.7091740214565
1.1149670211128235 512.9623917645051
1.109587622549961 499.15270410305624
1.1042082239870987 486.5452956209105
1.0988288254242362 471.0964475344599
1.0934494268613737 460.27146495361364
1.0880700282985112 446.5038080181217
1.0826906297356487 427.7523397793944
1.0773112311727862 406.9358695759361
1.0719318326099239 391.07971044476767
1.0665524340470613 378.61242443538947
1.0611730354841988 375.30970255012386
1.0557936369213363 365.9598362631739
1.0504142383584738 354.9913466698622
1.0450348397956113 332.75441857030415
1.039655441232749 311.2810339652037
1.0342760426698865 295.80085406551257
1.028896644107024 279.7260623183485
1.0235172455441615 271.64654307881585
1.018137846981299 258.65540429769413
1.0127584484184364 242.8202820736305
1.0073790498555741 239.91371454094903
1.0019996512927116 225.27902982582273
0.9966202527298491 217.35213523020803
0.9912408541669866 210.2384783502321
0.9858614556041241 202.13659036353695
0.9804820570412617 188.1952990502442
0.9751026584783992 178.10765093893306
0.9697232599155367 165.22583707941774
0.9643438613526742 154.38443285257216
0.9589644627898117 139.77895228679884
0.95358506427375 134.74992784478056
0.9482051976724855 127.84441733553416
