1.2279343909329357 4152517985.611511
1.4700073262617468 63864748.20143885
0.0 456762589.9280576
0.0 834402877.6978418
1.1902786009928983 1184273381.294964
0.0 1187050359.7122302
0.0 492863309.352518
0.0 767755395.6834533
0.0 3158561151.079137
0.0 2962733812.9496403
1.6152510874590338 809410071.9424461
2.2392613207511887 2575395683.4532375
1.8842210156021575 801079136.6906475
2.449057864702825 1217582733.8129497
2.454437263265688 5804748201.438849
0.9482051976724855 85690647482.01439
2.0886381609909317 23953956834.532375
2.5943016259001124 5053669064.748201
2.2338819221883264 849669064.7482015
2.298434704942676 5057841726.618706
2.836374561228924 162431654.676259
2.847133358354649 159654676.25899282
1.8949798127278825 2692086330.935252
0.0 1908920863.3093526
2.9116861411089987 179093525.17985612
2.917065539671861 163827338.12949643
2.949341931049036 120787050.35971224
0.0 81912230.21582735
0.0 1728489208.6330936
1.8250476314106703 1638273381.294964
2.7825805756002993 4166474820.143885
2.4759548575171375 948244604.3165468
2.276917110691226 3519424460.431655
3.3958320117666214 13429496402.877699
4.159706607693093 220748201.43884894
3.9606688608671816 9196402877.697842
4.939719399308152 3863741007.194245
4.767578645296553 219366906.47482017
2.4382990675771 7644316546.76259
2.454437263265688 2529640287.7697845
4.057498034998706 1824316546.7625902
4.724543456793653 5590935251.798561
7.338931158344817 6053237410.071943
3.7562517154784074 3212661870.5035973
9.555243366244158 13803021582.733814
9.576760960495607 295726618.705036
10.27608277366773 245741007.19424462
9.824213294387281 242964028.77697843
7.726247854870915 6044892086.3309355
