7.726247854870915 6044892086.3309355
7.726247854870915 6044892086.3309355
7.726247854870915 6044892086.3309355
7.726247854870915 6044892086.3309355
7.726247854870915 6044892086.3309355
7.726247854870915 6044892086.3309355
7.726247854870915 6044892086.3309355
7.726247854870915 6044892086.3309355
7.726247854870915 6044892086.3309355
7.726247854870915 6044892086.3309355
7.726247854870915 6044892086.3309355
7.726247854870915 6044892086.3309355
7.726247854870915 6044892086.3309355
7.726247854870915 6044892086.3309355
7.726247854870915 6044892086.3309355
7.726247854870915 6044892086.3309355
7.726247854870915 6044892086.3309355
7.726247854870915 6044892086.3309355
7.726247854870915 6044892086.3309355
7.726247854870915 6044892086.3309355
7.726247854870915 6044892086.3309355
7.726247854870915 6044892086.3309355
7.726247854870915 6044892086.3309355
7.726247854870915 6044892086.3309355
7.726247854870915 6044892086.3309355
7.726247854870915 6044892086.3309355
7.726247854870915 6044892086.3309355
7.726247854870915 6044892086.3309355
7.726247854870915 6044892086.3309355
7.726247854870915 6044892086.3309355
7.726247854870915 6044892086.3309355
7.726247854870915 6044892086.3309355
7.726247854870915 6044892086.3309355
7.726247854870915 6044892086.3309355
7.726247854870915 6044892086.3309355
7.726247854870915 6044892086.3309355
7.726247854870915 6044892086.3309355
7.726247854870915 6044892086.3309355
7.726247854870915 6044892086.3309355
7.726247854870915 6044892086.3309355
7.726247854870915 6044892086.3309355
7.726247854870915 6044892086.3309355
7.726247854870915 6044892086.3309355
7.726247854870915 6044892086.3309355
7.726247854870915 6044892086.3309355
7.726247854870915 6044892086.3309355
7.726247854870915 6044892086.3309355
7.726247854870915 6044892086.3309355
7.726247854870915 6044892086.3309355
