13.412272135816552 70805755.39568345 0
12.282598437615432 212417266.18705037 0
6.101669488886447 1614676258.992806 0
12.75598551114733 136058992.8057554 0
8.183496732714225 1699280575.5395684 0
12.01900790803517 1310604316.5467627 0
6.887061679064369 192978417.26618707 0
13.759313829436067 9718417.266187051 1
13.759313829436067 2776690.6474820147 1
13.759313829436067 5553381.294964029 1
12.766744308273054 99961151.0791367 0
7.726247854870915 6044892086.3309355 0
6.101669488886447 372071942.4460432 0
13.759313829436067 15271942.446043167 1
13.245510780367816 37484892.086330935 0
