-0.06374307249643607 0.09210939120384865 0.054961084730166476 1864.388582865835 6.74884777553957 43627.17272598562 42643.52949435972 44875.84273035971 60811945.0
-0.06257974458276294 0.09614772535132943 0.054374232691770885 1846.6961788928584 6.74884777553957 43627.17272598562 42643.52949435972 44875.84273035971 60811974.0
-0.0611249045614386 0.09931148062605644 0.05377053955453448 1835.878926045763 6.74884777553957 43627.17272598562 42643.52949435972 44875.84273035971 60812003.0
-0.020940712893207092 0.0652154429917573 0.06498330288013676 2343.326772034739 6.74884777553957 43627.17272598562 42643.52949435972 44875.84273035971 60814361.0
-0.019721250369912013 0.06967504915519385 0.06447570538148284 2337.302634688991 6.74884777553957 43627.17272598562 42643.52949435972 44875.84273035971 60814401.0
-0.018265061036800034 0.07373255361744668 0.0639121948988759 2333.1688448524815 6.74884777553957 43627.17272598562 42643.52949435972 44875.84273035971 60814441.0
-0.016186166139959823 0.07825699975364842 0.06314974167617038 2274.6772358229805 6.74884777553957 43627.17272598562 42643.52949435972 44875.84273035971 60814479.0
-0.013951803783129435 0.08213005824654829 0.06235709792235866 2272.0548613398933 6.74884777553957 43627.17272598562 42643.52949435972 44875.84273035971 60814512.0
-0.010806205158587545 0.0864766246668296 0.06126515558571555 2215.975931713746 6.74884777553957 43627.17272598562 42643.52949435972 44875.84273035971 60814543.0
-0.007662050360522699 0.08993279318383429 0.060184769303305075 2215.178374914495 6.74884777553957 43627.17272598562 42643.52949435972 44875.84273035971 60814572.0
-0.0030201424087863415 0.09388104217214277 0.058597247196303215 2160.194674567376 6.74884777553957 43627.17272598562 42643.52949435972 44875.84273035971 60814601.0
0.001871150845545344 0.09693366524152225 0.056914095737738535 2155.6650260954257 6.74884777553957 43627.17272598562 42643.52949435972 44875.84273035971 60814629.0
0.006643133870966267 0.0990593763999641 0.05525632818171289 2122.111056763206 6.74884777553957 43627.17272598562 42643.52949435972 44875.84273035971 60814659.0
0.013934487775259186 0.10099544671538752 0.05268621463619638 2106.93778035793 6.74884777553957 43627.17272598562 42643.52949435972 44875.84273035971 60814688.0
0.01996162712748628 0.10158076170773711 0.05052255127520766 2079.329572482026 6.74884777553957 43627.17272598562 42643.52949435972 44875.84273035971 60814717.0
0.02239734074100852 0.10158246614446398 0.04963730668532662 782.63997038268 6.74884777553957 43627.17272598562 42643.52949435972 44875.84273035971 60814746.0
0.030171626225637738 0.10075750843679998 0.046771505745709874 2058.3402176889795 6.74884777553957 43627.17272598562 42643.52949435972 44875.84273035971 60814748.0
0.037888425606070086 0.09875491307320772 0.04387410849449225 2058.574241925173 6.74884777553957 43627.17272598562 42643.52949435972 44875.84273035971 60814778.0
0.041084161050093826 0.09760505188023672 0.04266345830546925 783.4962789007732 6.74884777553957 43627.17272598562 42643.52949435972 44875.84273035971 60814807.0
0.05020799641351914 0.09345076001773123 0.03915428844629787 2007.3878178137873 6.74884777553957 43627.17272598562 42643.52949435972 44875.84273035971 60814809.0
0.06038866727612913 0.08719941479648696 0.03541632498672698 2008.2501979897686 6.74884777553957 43627.17272598562 42643.52949435972 44875.84273035971 60814837.0
0.07288944628089666 0.07689049523469293 0.030988500526291318 1967.9869084151294 6.74884777553957 43627.17272598562 42643.52949435972 44875.84273035971 60814866.0
0.0836290844672476 0.06534626401844434 0.027383090658986475 1969.041279697513 6.74884777553957 43627.17272598562 42643.52949435972 44875.84273035971 60814895.0
0.08799109614483314 0.05985811191203538 0.025992206094088033 796.2637938276339 6.74884777553957 43627.17272598562 42643.52949435972 44875.84273035971 60814924.0
0.10306961352034705 -0.018889408704126254 0.055368020803143736 1957.8461342288379 6.74884777553957 43627.17272598562 42643.52949435972 44875.84273035971 60861436.0
0.10379120740981307 -0.022731118457159027 0.054911611558054574 1969.3094722939438 6.74884777553957 43627.17272598562 42643.52949435972 44875.84273035971 60861449.0
0.10427400254411623 -0.02565837383735925 0.05454147740965709 1120.3583303164407 6.74884777553957 43627.17272598562 42643.52949435972 44875.84273035971 60861460.0
0.10480369420838542 -0.02946840309596155 0.0540313936653547 1982.8292571262573 6.74884777553957 43627.17272598562 42643.52949435972 44875.84273035971 60861464.0
0.1052033334490261 -0.03323697388987057 0.05348955464432947 1989.6202037719684 6.74884777553957 43627.17272598562 42643.52949435972 44875.84273035971 60861476.0
0.10548671937431209 -0.03759114409331232 0.052814663882600144 1994.2082664653806 6.74884777553957 43627.17272598562 42643.52949435972 44875.84273035971 60861489.0
0.10554735679761507 -0.04118504373036558 0.05220685155654792 1997.1830668642708 6.74884777553957 43627.17272598562 42643.52949435972 44875.84273035971 60861502.0
0.10538753079890739 -0.045211498625576496 0.05146295988379279 1997.570796978588 6.74884777553957 43627.17272598562 42643.52949435972 44875.84273035971 60861516.0
0.10503452560078586 -0.04848992660845397 0.050791599904187024 1995.9667700237899 6.74884777553957 43627.17272598562 42643.52949435972 44875.84273035971 60861529.0
0.10464713472902076 -0.05072699955053395 0.05029096984799253 1099.7085602716086 6.74884777553957 43627.17272598562 42643.52949435972 44875.84273035971 60861541.0
0.10391613545652945 -0.05362691837217426 0.04957226612896193 1985.0583872752297 6.74884777553957 43627.17272598562 42643.52949435972 44875.84273035971 60861545.0
0.10294782015989767 -0.056253800947160926 0.04882961315888679 1977.1106349728875 6.74884777553957 43627.17272598562 42643.52949435972 44875.84273035971 60861559.0
0.1014738295270945 -0.05897116499545518 0.04791195374855306 1963.8739028267023 6.74884777553957 43627.17272598562 42643.52949435972 44875.84273035971 60861573.0
0.09995851509302156 -0.0608487948338734 0.04712005479086656 1952.6855713195803 6.74884777553957 43627.17272598562 42643.52949435972 44875.84273035971 60861586.0
0.09846541011938825 -0.062118694906530436 0.0464310790412128 1208.429998108056 6.74884777553957 43627.17272598562 42643.52949435972 44875.84273035971 60861598.0
0.09645923712378135 -0.06319784512743354 0.04560190757911187 1927.5374698505307 6.74884777553957 43627.17272598562 42643.52949435972 44875.84273035971 60861603.0
0.09509583705221303 -0.06361550669680582 0.045085125413606875 1175.7650158530787 6.74884777553957 43627.17272598562 42643.52949435972 44875.84273035971 60861614.0
0.09265149585553445 -0.06387090576026822 0.04422434884327231 1906.8050341315568 6.74884777553957 43627.17272598562 42643.52949435972 44875.84273035971 60861618.0
0.0899330140236998 -0.06355444544897182 0.04334267152444227 1896.241425547941 6.74884777553957 43627.17272598562 42643.52949435972 44875.84273035971 60861631.0
0.08597281711263349 -0.062195367718231864 0.04215945633040974 1883.1217328758917 6.74884777553957 43627.17272598562 42643.52949435972 44875.84273035971 60861645.0
0.08261103402037406 -0.060354446701239794 0.04122423633089056 1875.6517119153905 6.74884777553957 43627.17272598562 42643.52949435972 44875.84273035971 60861658.0
0.07954687567689689 -0.05820347622648114 0.04041356455854839 953.0301082966129 6.74884777553957 43627.17272598562 42643.52949435972 44875.84273035971 60861670.0
0.07567169420508435 -0.05490821992862038 0.03943085876380792 1863.0561041122974 6.74884777553957 43627.17272598562 42643.52949435972 44875.84273035971 60861673.0
0.0715235679235775 -0.050726817156828474 0.03841970995563315 1858.7622377192756 6.74884777553957 43627.17272598562 42643.52949435972 44875.84273035971 60861687.0
0.06543470215547131 -0.04345118564378936 0.03698743912536884 1854.3161813157292 6.74884777553957 43627.17272598562 42643.52949435972 44875.84273035971 60861701.0
0.06066154236032162 -0.03684995455114404 0.03589718954026466 1852.9917387003125 6.74884777553957 43627.17272598562 42643.52949435972 44875.84273035971 60861713.0
0.05643616887391545 -0.03037087616394274 0.03494586539454758 870.7512913941754 6.74884777553957 43627.17272598562 42643.52949435972 44875.84273035971 60861724.0
0.05122157933510607 -0.021577199833700433 0.033791114488849416 1850.5508781496274 6.74884777553957 43627.17272598562 42643.52949435972 44875.84273035971 60861727.0
0.04574729184969328 -0.011454048886662349 0.03263954259455204 1851.197307950269 6.74884777553957 43627.17272598562 42643.52949435972 44875.84273035971 60861739.0
0.039548550368635915 0.0009918510259012692 0.03144681402773131 1236.3083256270793 6.74884777553957 43627.17272598562 42643.52949435972 44875.84273035971 60861750.0
0.03329682229377795 0.014716321958985645 0.030354416223417502 1852.0487651992855 6.74884777553957 43627.17272598562 42643.52949435972 44875.84273035971 60861757.0
0.14686948723829119 -0.0016426977090304717 -0.037907127843936905 2015.025451422544 6.74884777553957 43627.17272598562 42643.52949435972 44875.84273035971 60878883.0
0.15112710004177643 -0.0033204606297658756 -0.038112224989163224 1997.4348527253844 6.74884777553957 43627.17272598562 42643.52949435972 44875.84273035971 60878902.0
0.15389610394777264 -0.004583239482599311 -0.03827308668405749 1199.1578590335591 6.74884777553957 43627.17272598562 42643.52949435972 44875.84273035971 60878920.0
0.15887958600069396 -0.007154736311349552 -0.03861089132260531 1978.4745445169701 6.74884777553957 43627.17272598562 42643.52949435972 44875.84273035971 60878925.0
0.16190566053410294 -0.008889326920325402 -0.03883939388470026 1106.7400419928056 6.74884777553957 43627.17272598562 42643.52949435972 44875.84273035971 60878944.0
0.16774355161032872 -0.012566934863571078 -0.0393103248643456 1965.2837982588287 6.74884777553957 43627.17272598562 42643.52949435972 44875.84273035971 60878949.0
0.1742948734172387 -0.01714065247506369 -0.03986605998215964 1964.8457454895947 6.74884777553957 43627.17272598562 42643.52949435972 44875.84273035971 60878968.0
0.17805711816617986 -0.01995041613554349 -0.04018845585960662 1032.4076879404656 6.74884777553957 43627.17272598562 42643.52949435972 44875.84273035971 60878988.0
0.18587104373727925 -0.026127528966753744 -0.04084011897066375 1945.7253167885801 6.74884777553957 43627.17272598562 42643.52949435972 44875.84273035971 60878992.0
0.19484836720948806 -0.033625783122261055 -0.041554031129635405 1935.0358555219502 6.74884777553957 43627.17272598562 42643.52949435972 44875.84273035971 60879012.0
0.19964199038076913 -0.03765106519131223 -0.041939658898627385 890.1895714118049 6.74884777553957 43627.17272598562 42643.52949435972 44875.84273035971 60879033.0
0.2081991158775054 -0.04522364859440131 -0.0425420644460246 1522.6654976861485 6.74884777553957 43627.17272598562 42643.52949435972 44875.84273035971 60879036.0
0.21948869081097655 -0.05612998632568633 -0.04312011299771257 1944.122551772325 6.74884777553957 43627.17272598562 42643.52949435972 44875.84273035971 60879050.0
0.23120442354411352 -0.06860885248170234 -0.043416322354460135 1963.0761406516076 6.74884777553957 43627.17272598562 42643.52949435972 44875.84273035971 60879071.0
0.23583093408524292 -0.07388018686469877 -0.043441236004582606 764.1316486567897 6.74884777553957 43627.17272598562 42643.52949435972 44875.84273035971 60879091.0
0.24799105545389466 -0.08859009938169038 -0.04324330287636258 1975.3948732382946 6.74884777553957 43627.17272598562 42643.52949435972 44875.84273035971 60879094.0
0.26063700356462505 -0.10494783863396151 -0.042677595432905946 1996.0560575117033 6.74884777553957 43627.17272598562 42643.52949435972 44875.84273035971 60879115.0
0.2761333068701788 -0.12710515064100036 -0.04129644892964279 1742.8764068903017 6.74884777553957 43627.17272598562 42643.52949435972 44875.84273035971 60879136.0
0.2881266279873671 -0.14663820478017442 -0.03951658141158987 2024.6537195718367 6.74884777553957 43627.17272598562 42643.52949435972 44875.84273035971 60879154.0
0.3011235432350077 -0.17175391802447848 -0.03631171604502015 2034.723268244702 6.74884777553957 43627.17272598562 42643.52949435972 44875.84273035971 60879179.0
0.3097332315519452 -0.1925628736280487 -0.03247676153841894 2023.2411052205039 6.74884777553957 43627.17272598562 42643.52949435972 44875.84273035971 60879202.0
0.3170276533419383 -0.21790315476391697 -0.025444200247875415 2001.2242242941556 6.74884777553957 43627.17272598562 42643.52949435972 44875.84273035971 60879225.0
0.3187767832860118 -0.2362759272873518 -0.01765348943445133 1996.3796933153155 6.74884777553957 43627.17272598562 42643.52949435972 44875.84273035971 60879246.0
0.3151239006765536 -0.2541433176374994 -0.005637806862068828 1812.7905733229024 6.74884777553957 43627.17272598562 42643.52949435972 44875.84273035971 60879268.0
0.3066650884138653 -0.2655614124669228 0.007648196631635074 2036.868666576099 6.74884777553957 43627.17272598562 42643.52949435972 44875.84273035971 60879285.0
0.29396163564524613 -0.27169253795727855 0.022965050244238228 2039.9985914650906 6.74884777553957 43627.17272598562 42643.52949435972 44875.84273035971 60879307.0
0.2743755026895087 -0.27091222690069117 0.043283108054311015 2035.9151208247408 6.74884777553957 43627.17272598562 42643.52949435972 44875.84273035971 60879332.0
0.3339881421998143 -0.17265822068293346 0.05060020711971447 1695.870070828573 6.74884777553957 43627.17272598562 42643.52949435972 44875.84273035971 60882944.0
0.32149835932068527 -0.17485660803504288 0.05713967210613191 1843.7930487435312 6.74884777553957 43627.17272598562 42643.52949435972 44875.84273035971 60882953.0
0.30754317561513744 -0.17621590317139635 0.0638392850451055 1895.796064439339 6.74884777553957 43627.17272598562 42643.52949435972 44875.84273035971 60882963.0
0.2861420404733508 -0.17633951577590778 0.07320853407145478 1922.9504799936071 6.74884777553957 43627.17272598562 42643.52949435972 44875.84273035971 60882974.0
0.2694864013392362 -0.17486724730406422 0.08005478136328747 1924.374312688494 6.74884777553957 43627.17272598562 42643.52949435972 44875.84273035971 60882985.0
