-0.0540455833033775 0.06007236978621222 0.06653825010289438 1864.504641361058 6.76195260086331 43350.118092517994 42388.875691510795 44578.92408448922 60811945.0
-0.05751494089781772 0.05957621487323195 0.06575100028567249 1846.8174569572118 6.76195260086331 43350.118092517994 42388.875691510795 44578.92408448922 60811974.0
-0.06056867722509196 0.058888981366180815 0.06497931150079239 1836.0083185750525 6.76195260086331 43350.118092517994 42388.875691510795 44578.92408448922 60812003.0
-0.020163336426776368 0.058658901012677234 0.020857082381553482 2343.352329102221 6.76195260086331 43350.118092517994 42388.875691510795 44578.92408448922 60814361.0
-0.02146457387425471 0.05912010142492363 0.020891168947855476 2337.3301545650893 6.76195260086331 43350.118092517994 42388.875691510795 44578.92408448922 60814401.0
-0.02268007981183473 0.05930054697819287 0.020826338230108377 2333.1985330349526 6.76195260086331 43350.118092517994 42388.875691510795 44578.92408448922 60814441.0
-0.02408695409394568 0.059207390710071195 0.02064782555680722 2274.7076170195382 6.76195260086331 43350.118092517994 42388.875691510795 44578.92408448922 60814479.0
-0.02535547384468373 0.05884548387984978 0.020400868401338812 2272.088023634985 6.76195260086331 43350.118092517994 42388.875691510795 44578.92408448922 60814512.0
-0.02688203818979673 0.05806410482909996 0.020008908890304156 2216.010983093018 6.76195260086331 43350.118092517994 42388.875691510795 44578.92408448922 60814543.0
-0.02821212328854017 0.05707791661552619 0.019591201169532724 2215.2158096042067 6.76195260086331 43350.118092517994 42388.875691510795 44578.92408448922 60814572.0
-0.029933866033388767 0.05538400865771109 0.018962686983286403 2160.2339805961715 6.76195260086331 43350.118092517994 42388.875691510795 44578.92408448922 60814601.0
-0.031536070026049856 0.05338576028589159 0.018294849498488475 2155.706865736688 6.76195260086331 43350.118092517994 42388.875691510795 44578.92408448922 60814629.0
-0.032951678593235556 0.05128812631301116 0.017648061460931785 2122.1544569129114 6.76195260086331 43350.118092517994 42388.875691510795 44578.92408448922 60814659.0
-0.03491343656060053 0.04787244655744871 0.016673269419698045 2106.9845035219764 6.76195260086331 43350.118092517994 42388.875691510795 44578.92408448922 60814688.0
-0.03640022126637632 0.04489212066982873 0.01587952091358602 2079.3785336544624 6.76195260086331 43350.118092517994 42388.875691510795 44578.92408448922 60814717.0
-0.036970375396776944 0.04365774692996638 0.015561361753498204 782.6399673736187 6.76195260086331 43350.118092517994 42388.875691510795 44578.92408448922 60814746.0
-0.0386979586983216 0.039621898700715974 0.014551597079844214 2058.393605194527 6.76195260086331 43350.118092517994 42388.875691510795 44578.92408448922 60814748.0
-0.040288923744810745 0.03549830244446639 0.013555109246226493 2058.631545339713 6.76195260086331 43350.118092517994 42388.875691510795 44578.92408448922 60814778.0
-0.04090661255759187 0.03378011425229488 0.013147567675332539 783.4962758884195 6.76195260086331 43350.118092517994 42388.875691510795 44578.92408448922 60814807.0
-0.04251913986809086 0.029005046184465755 0.012050122975779232 2007.4491325768997 6.76195260086331 43350.118092517994 42388.875691510795 44578.92408448922 60814809.0
-0.04417497263784753 0.023634946570382454 0.010862394883588422 2008.3154397308208 6.76195260086331 43350.118092517994 42388.875691510795 44578.92408448922 60814837.0
-0.046144203799485695 0.016582167496380862 0.00936643829481909 1968.0556189241174 6.76195260086331 43350.118092517994 42388.875691510795 44578.92408448922 60814866.0
-0.04783475072326837 0.009959856906789355 0.008031441328057554 1969.1137332603391 6.76195260086331 43350.118092517994 42388.875691510795 44578.92408448922 60814895.0
-0.04852300111815566 0.007096409943187609 0.007471762342902366 796.2698916945152 6.76195260086331 43350.118092517994 42388.875691510795 44578.92408448922 60814924.0
0.0951736034694477 0.059068792637845036 0.035334624197275843 1961.810328943233 6.76195260086331 43350.118092517994 42388.875691510795 44578.92408448922 60861436.0
0.09582386293914169 0.060659338552795816 0.03471336512302514 1973.2954249165068 6.76195260086331 43350.118092517994 42388.875691510795 44578.92408448922 60861449.0
0.09632955271808896 0.061925985013658646 0.03425533055997221 1122.5953712651417 6.76195260086331 43350.118092517994 42388.875691510795 44578.92408448922 60861460.0
0.09700327000609832 0.06365420699876267 0.03368535031040665 1986.8382964138677 6.76195260086331 43350.118092517994 42388.875691510795 44578.92408448922 60861464.0
0.09769106939347694 0.06547215153113939 0.033145583955047186 1993.6446884994705 6.76195260086331 43350.118092517994 42388.875691510795 44578.92408448922 60861476.0
0.09852057204261655 0.06773832703765947 0.0325556154421065 1998.242768544823 6.76195260086331 43350.118092517994 42388.875691510795 44578.92408448922 60861489.0
0.09923920519213425 0.06977577714133076 0.032091208202473354 2001.2223325378263 6.76195260086331 43350.118092517994 42388.875691510795 44578.92408448922 60861502.0
0.10009654675377533 0.0722938818653347 0.03159928450622829 2001.6047663593806 6.76195260086331 43350.118092517994 42388.875691510795 44578.92408448922 60861516.0
0.1008459063450573 0.07458073247835273 0.031216227456752677 1999.991310408974 6.76195260086331 43350.118092517994 42388.875691510795 44578.92408448922 60861529.0
0.10139485008403426 0.07630906271515414 0.0309657361212885 1101.8867916797044 6.76195260086331 43350.118092517994 42388.875691510795 44578.92408448922 60861541.0
0.10216585321177263 0.0788126900952193 0.030650968779809773 1989.046114282416 6.76195260086331 43350.118092517994 42388.875691510795 44578.92408448922 60861545.0
0.10294825619348558 0.08145190031063976 0.030380342730495613 1981.0733455094087 6.76195260086331 43350.118092517994 42388.875691510795 44578.92408448922 60861559.0
0.10389697811478982 0.08478149457369 0.030111642852716614 1967.797501030613 6.76195260086331 43350.118092517994 42388.875691510795 44578.92408448922 60861573.0
0.10470404810621403 0.08773120884870877 0.02993470962246647 1956.5776885061523 6.76195260086331 43350.118092517994 42388.875691510795 44578.92408448922 60861586.0
0.10539675290783634 0.09035249715088867 0.02981758570240345 1210.8072839485933 6.76195260086331 43350.118092517994 42388.875691510795 44578.92408448922 60861598.0
0.1062204214540543 0.09358215873362496 0.029719610378379002 1931.3737475170099 6.76195260086331 43350.118092517994 42388.875691510795 44578.92408448922 60861603.0
0.10672983762196964 0.09564225282520056 0.029681591229746118 1178.0729741965642 6.76195260086331 43350.118092517994 42388.875691510795 44578.92408448922 60861614.0
0.10756613068224397 0.09913570224307477 0.029651565717358608 1910.5979075355488 6.76195260086331 43350.118092517994 42388.875691510795 44578.92408448922 60861618.0
0.10840963713417295 0.10280252357188147 0.02966415774426423 1900.0117000682162 6.76195260086331 43350.118092517994 42388.875691510795 44578.92408448922 60861631.0
0.1095172654313501 0.10785520288482076 0.02974400992388837 1886.8628494301854 6.76195260086331 43350.118092517994 42388.875691510795 44578.92408448922 60861645.0
0.1103733558775275 0.11195358036638936 0.029853973413992207 1879.3752208130973 6.76195260086331 43350.118092517994 42388.875691510795 44578.92408448922 60861658.0
0.11110073884628946 0.11557972096488811 0.02998067672160687 954.8905557331749 6.76195260086331 43350.118092517994 42388.875691510795 44578.92408448922 60861670.0
0.1119619972887449 0.12005547503940761 0.03016822458448587 1866.7579446223788 6.76195260086331 43350.118092517994 42388.875691510795 44578.92408448922 60861673.0
0.11282538234809181 0.12475146741053322 0.030399170675082132 1862.470791979219 6.76195260086331 43350.118092517994 42388.875691510795 44578.92408448922 60861687.0
0.1140008928196039 0.1315315933607053 0.030778525077039376 1858.0402815128984 6.76195260086331 43350.118092517994 42388.875691510795 44578.92408448922 60861701.0
0.11485967526823515 0.13679103388130898 0.03110690229368629 1856.7349061338214 6.76195260086331 43350.118092517994 42388.875691510795 44578.92408448922 60861713.0
0.11558017998322612 0.14143293614324648 0.031415215344168246 872.4931830204362 6.76195260086331 43350.118092517994 42388.875691510795 44578.92408448922 60861724.0
0.11642459312133724 0.1471637865761295 0.03181837057491066 1854.3336186316772 6.76195260086331 43350.118092517994 42388.875691510795 44578.92408448922 60861727.0
0.11725706244033063 0.15316849502414698 0.032259024228551425 1855.0104471891254 6.76195260086331 43350.118092517994 42388.875691510795 44578.92408448922 60861739.0
0.11811106479581213 0.15987464824138442 0.03278625178791117 1238.8626536533375 6.76195260086331 43350.118092517994 42388.875691510795 44578.92408448922 60861750.0
0.11890486044285353 0.1666351500680321 0.033336076034174766 1855.9235916424086 6.76195260086331 43350.118092517994 42388.875691510795 44578.92408448922 60861757.0
-0.13785239474964328 0.05464073587063467 0.004086331420694478 2072.949751645788 6.76195260086331 43350.118092517994 42388.875691510795 44578.92408448922 60878883.0
-0.13867085416131886 0.053941621496051084 0.0037548208638327196 2055.107382926168 6.76195260086331 43350.118092517994 42388.875691510795 44578.92408448922 60878902.0
-0.13917213748936774 0.0534763348987326 0.0035104867492918856 1233.874974832819 6.76195260086331 43350.118092517994 42388.875691510795 44578.92408448922 60878920.0
-0.14001552482659463 0.052632627593993675 0.0030294105163193308 2036.0089969073924 6.76195260086331 43350.118092517994 42388.875691510795 44578.92408448922 60878925.0
-0.14049642638565274 0.052114180085482076 0.002718584830290638 1138.9951336434228 6.76195260086331 43350.118092517994 42388.875691510795 44578.92408448922 60878944.0
-0.14136781659180997 0.05110800897091394 0.002088394758175127 2022.8827872715276 6.76195260086331 43350.118092517994 42388.875691510795 44578.92408448922 60878949.0
-0.14226095551566686 0.04998245942260837 0.0013575205448432826 2022.7591900664252 6.76195260086331 43350.118092517994 42388.875691510795 44578.92408448922 60878968.0
-0.14273911875352496 0.04933977616019547 0.0009344605059595779 1062.9237588839808 6.76195260086331 43350.118092517994 42388.875691510795 44578.92408448922 60878988.0
-0.14365837223886047 0.04802558662049705 5.616185808321461e-05 2003.5502207253317 6.76195260086331 43350.118092517994 42388.875691510795 44578.92408448922 60878992.0
-0.14459648355841637 0.046577453416830394 -0.0009198830230161548 1992.8610649826812 6.76195260086331 43350.118092517994 42388.875691510795 44578.92408448922 60879012.0
-0.1450360651142546 0.04586033770465292 -0.0014029845697223209 916.8523388365521 6.76195260086331 43350.118092517994 42388.875691510795 44578.92408448922 60879033.0
-0.14580039771681186 0.04455508425598964 -0.002283381669258233 1568.540834779861 6.76195260086331 43350.118092517994 42388.875691510795 44578.92408448922 60879036.0
-0.14680017784121446 0.04273361730884062 -0.003509665228193626 2003.1405495061995 6.76195260086331 43350.118092517994 42388.875691510795 44578.92408448922 60879050.0
-0.14783834531408502 0.04070703974139178 -0.004861872810579371 2023.2782947265373 6.76195260086331 43350.118092517994 42388.875691510795 44578.92408448922 60879071.0
-0.14825053067033878 0.039863629135652445 -0.005419716144388076 787.681287657595 6.76195260086331 43350.118092517994 42388.875691510795 44578.92408448922 60879091.0
-0.14933792946249014 0.037530963447352406 -0.006952246018045116 2036.8592698845644 6.76195260086331 43350.118092517994 42388.875691510795 44578.92408448922 60879094.0
-0.1504700088989921 0.03494096155918669 -0.008626646107586566 2058.830904192623 6.76195260086331 43350.118092517994 42388.875691510795 44578.92408448922 60879115.0
-0.15191850587871158 0.03138245180161903 -0.010883663017011713 1798.4761333593449 6.76195260086331 43350.118092517994 42388.875691510795 44578.92408448922 60879136.0
-0.15315122440370033 0.028142632007075008 -0.012895335945358966 2089.9573353227133 6.76195260086331 43350.118092517994 42388.875691510795 44578.92408448922 60879154.0
-0.15472683273401344 0.02372341378213605 -0.015576252051687334 2101.3244438702714 6.76195260086331 43350.118092517994 42388.875691510795 44578.92408448922 60879179.0
-0.15606748944992432 0.019732436492631678 -0.017963660953682847 2090.2970273597725 6.76195260086331 43350.118092517994 42388.875691510795 44578.92408448922 60879202.0
-0.15783333257422782 0.01416162317036651 -0.021294615122315008 2068.574458195943 6.76195260086331 43350.118092517994 42388.875691510795 44578.92408448922 60879225.0
-0.1593149623804493 0.009206952068780083 -0.024220336352300365 2064.2980095494786 6.76195260086331 43350.118092517994 42388.875691510795 44578.92408448922 60879246.0
-0.16111401023954386 0.002838434258592315 -0.027927734183322173 1875.2211130310056 6.76195260086331 43350.118092517994 42388.875691510795 44578.92408448922 60879268.0
-0.16278516079182737 -0.0034313479918637313 -0.031454027113795746 2107.734801688152 6.76195260086331 43350.118092517994 42388.875691510795 44578.92408448922 60879285.0
-0.16452838444820372 -0.010328730750188697 -0.03518978924694238 2111.741875577658 6.76195260086331 43350.118092517994 42388.875691510795 44578.92408448922 60879307.0
-0.16672616272990126 -0.019547737298125867 -0.039968042823602445 2108.488705007139 6.76195260086331 43350.118092517994 42388.875691510795 44578.92408448922 60879332.0
-0.1655718050460564 -0.011452659688075073 -0.10755858509946847 1786.7897213674437 6.76195260086331 43350.118092517994 42388.875691510795 44578.92408448922 60882944.0
-0.16678056862292578 -0.015900433267233893 -0.10876426892355084 1943.1103915224883 6.76195260086331 43350.118092517994 42388.875691510795 44578.92408448922 60882953.0
-0.16804356534703402 -0.020667310316639487 -0.11010776799957966 1998.4045293941258 6.76195260086331 43350.118092517994 42388.875691510795 44578.92408448922 60882963.0
-0.16985760518582538 -0.027721978040062822 -0.1121709348881268 2027.6966529406836 6.76195260086331 43350.118092517994 42388.875691510795 44578.92408448922 60882974.0
-0.1711926187563222 -0.03309543739305809 -0.11379560069326544 2029.7151744853168 6.76195260086331 43350.118092517994 42388.875691510795 44578.92408448922 60882985.0
