2.216914275268209 -4.035790046451439 3.866767350307782 788.0076434718404 21.45889804172662 62045.30849568345 60095.06476719425 64577.440701669075
-13.920887074636994 6.243613180609827 5.449780962349905 2034.7798364052048 21.45889804172662 62045.30849568345 60095.06476719425 64577.440701669075
-12.180943016624951 -12.216870290976658 6.744799502957903 797.1336143649371 21.45889804172662 62045.30849568345 60095.06476719425 64577.440701669075
-7.48919501373166 11.656846832920564 -4.378849268592603 866.4275574923947 21.45889804172662 62045.30849568345 60095.06476719425 64577.440701669075
-4.453566882177256 -17.039699452543573 10.04075936810841 781.6270915991945 21.45889804172662 62045.30849568345 60095.06476719425 64577.440701669075
-2.2573638698959257 -17.193472043785732 0.6116933366211015 1291.32085603586 21.45889804172662 62045.30849568345 60095.06476719425 64577.440701669075
-8.742386869307666 -11.286307972528448 -13.135956000733131 973.2706920563827 21.45889804172662 62045.30849568345 60095.06476719425 64577.440701669075
3.7661967710155295 -11.163453292814665 12.175416803234839 3337.6261476350196 21.45889804172662 62045.30849568345 60095.06476719425 64577.440701669075
-14.81886621589365 3.467244391256827 -11.201803488118458 1395.4639650678782 21.45889804172662 62045.30849568345 60095.06476719425 64577.440701669075
-3.44042304661707 2.1729732232925016 13.90670400660747 1080.259885018511 21.45889804172662 62045.30849568345 60095.06476719425 64577.440701669075
8.01777767126623 -5.478143797168741 -13.669099568367528 775.8707760477853 21.45889804172662 62045.30849568345 60095.06476719425 64577.440701669075
3.23466921148065 10.296415377393714 9.853634030543617 862.1755332991561 21.45889804172662 62045.30849568345 60095.06476719425 64577.440701669075
-16.846903180558 0.012124032698920928 -5.957629906341026 977.842739822683 21.45889804172662 62045.30849568345 60095.06476719425 64577.440701669075
12.106545004040527 -1.9304982370595098 -6.208062637218973 849.5482323771704 21.45889804172662 62045.30849568345 60095.06476719425 64577.440701669075
-6.277018502398278 2.8351900103880325 -12.234676176936773 1040.6382979661412 21.45889804172662 62045.30849568345 60095.06476719425 64577.440701669075
-2.7183780103587196 9.440928538555454 -14.328194493609772 933.0006073550787 21.45889804172662 62045.30849568345 60095.06476719425 64577.440701669075
3.8413011635566363 13.55267363213352 -0.27742025115003344 1143.7365861818325 21.45889804172662 62045.30849568345 60095.06476719425 64577.440701669075
3.0274199971245253 1.3984690292127198 -17.832919536442205 1247.9857207498915 21.45889804172662 62045.30849568345 60095.06476719425 64577.440701669075
-1.85565714740369 10.492662501957966 12.457782666591811 759.0279089062872 21.45889804172662 62045.30849568345 60095.06476719425 64577.440701669075
2.984942182592931 -15.864789222127001 2.3880300201344653 1121.3833116543417 21.45889804172662 62045.30849568345 60095.06476719425 64577.440701669075
-7.128550861314579 -14.367140954534989 -2.143623696465511 1329.7447925951403 21.45889804172662 62045.30849568345 60095.06476719425 64577.440701669075
-0.5907444352196762 -2.333115210014512 8.392703955578327 769.1292628733945 21.45889804172662 62045.30849568345 60095.06476719425 64577.440701669075
-3.3161973363894504 -2.0412113132333616 -10.496739714086289 849.8865416832296 21.45889804172662 62045.30849568345 60095.06476719425 64577.440701669075
5.907033794319432 8.44219876556599 -4.67186138388206 792.1425665140407 21.45889804172662 62045.30849568345 60095.06476719425 64577.440701669075
-10.569586663135851 -10.863500191262574 -4.587782593596785 900.8731693554569 21.45889804172662 62045.30849568345 60095.06476719425 64577.440701669075
4.3055661915568635 -12.204797712496656 -8.355147426613257 851.2640791858552 21.45889804172662 62045.30849568345 60095.06476719425 64577.440701669075
-9.294558219138707 8.032740467861004 9.755542817343667 1020.2814139902615 21.45889804172662 62045.30849568345 60095.06476719425 64577.440701669075
-0.6111667909135576 -2.148267367272638 10.102681202915846 1181.8427323169772 21.45889804172662 62045.30849568345 60095.06476719425 64577.440701669075
5.13232270773733 -0.6905403626151383 11.545933352550492 753.0449157843643 21.45889804172662 62045.30849568345 60095.06476719425 64577.440701669075
-7.616676659010409 5.755382196934079 -4.191488322219811 886.896166814992 21.45889804172662 62045.30849568345 60095.06476719425 64577.440701669075
-10.9318972962501 -8.84948697638174 -11.085171332269965 805.5290997418891 21.45889804172662 62045.30849568345 60095.06476719425 64577.440701669075
-11.30843496320449 6.855226899511763 7.82342947145662 1110.4243135451202 21.45889804172662 62045.30849568345 60095.06476719425 64577.440701669075
-5.699149143860268 9.940688368638803 -8.02991680746345 1060.5680056647534 21.45889804172662 62045.30849568345 60095.06476719425 64577.440701669075
