3.8257152934384067 13.45865504664107 1.6139507213083562 792.1425658722235 21.586565099280577 62552.87961654676 60560.970240201445 65103.115598733806
-0.926755602893536 -14.119726695746067 -16.139583304553526 886.610107373911 21.586565099280577 62552.87961654676 60560.970240201445 65103.115598733806
1.6161029284994584 5.9464324151558685 17.222853211860638 753.0449157432711 21.586565099280577 62552.87961654676 60560.970240201445 65103.115598733806
-1.386697214700689 15.273006382994936 14.70943812247424 862.1755329303843 21.586565099280577 62552.87961654676 60560.970240201445 65103.115598733806
13.975748244083661 14.325534859301115 1.5266696161415894 906.8668552818872 21.586565099280577 62552.87961654676 60560.970240201445 65103.115598733806
0.7684809698039317 18.865990511898417 5.965704049638589 1143.7365861818325 21.586565099280577 62552.87961654676 60560.970240201445 65103.115598733806
15.205686082175816 -12.742209529416868 -2.02399074711866 1247.9089259851135 21.586565099280577 62552.87961654676 60560.970240201445 65103.115598733806
2.6079096611429122 1.5519536387728294 -16.48553501076094 932.5654326752143 21.586565099280577 62552.87961654676 60560.970240201445 65103.115598733806
1.6701984375613392 -4.2907008837137255 -20.728977340499114 826.7182551877157 21.586565099280577 62552.87961654676 60560.970240201445 65103.115598733806
14.871701629170275 -12.961426147761813 4.118519626055786 992.7592825535511 21.586565099280577 62552.87961654676 60560.970240201445 65103.115598733806
-4.510541756841121 -6.154391525036772 -12.901876500211074 831.8469404272523 21.586565099280577 62552.87961654676 60560.970240201445 65103.115598733806
-2.7626663184782956 3.9325275694500306 14.311830564423872 769.1292621051228 21.586565099280577 62552.87961654676 60560.970240201445 65103.115598733806
-10.373377743715537 16.83807982504368 2.2582001637128997 866.4275571569272 21.586565099280577 62552.87961654676 60560.970240201445 65103.115598733806
-5.226166186592309 -11.63630835602089 9.685103108669864 1291.3208561667277 21.586565099280577 62552.87961654676 60560.970240201445 65103.115598733806
-4.8801004435590585 4.296245682358858 12.431680231864448 788.0076429083183 21.586565099280577 62552.87961654676 60560.970240201445 65103.115598733806
-13.797354817288578 -4.163666418913635 -5.360081339291355 973.2706914397886 21.586565099280577 62552.87961654676 60560.970240201445 65103.115598733806
-2.7173830312895007 -3.88763587136782 18.465424887843255 3337.62614763502 21.586565099280577 62552.87961654676 60560.970240201445 65103.115598733806
-7.216037079313537 6.049765139367082 15.908609674581385 1181.8427314202204 21.586565099280577 62552.87961654676 60560.970240201445 65103.115598733806
-11.919891659039422 12.726005501877808 2.3405841739295283 886.8961659124913 21.586565099280577 62552.87961654676 60560.970240201445 65103.115598733806
-19.78077560714155 -4.929944069044723 -3.9129460179028683 1343.642259096524 21.586565099280577 62552.87961654676 60560.970240201445 65103.115598733806
-5.625603705324465 15.005532046496228 -7.839523933718738 933.0006072736173 21.586565099280577 62552.87961654676 60560.970240201445 65103.115598733806
-7.618578322850226 -12.078809419341269 -3.644969948203652 1035.3535782626266 21.586565099280577 62552.87961654676 60560.970240201445 65103.115598733806
-10.173794626585732 16.300609977413842 -1.5254440376229468 1060.5680049531682 21.586565099280577 62552.87961654676 60560.970240201445 65103.115598733806
-9.124296229849278 5.567301106369996 -1.708418113681546 849.8865412267229 21.586565099280577 62552.87961654676 60560.970240201445 65103.115598733806
-13.317179442870838 -3.515706503720139 1.5678985735212336 900.8731684092372 21.586565099280577 62552.87961654676 60560.970240201445 65103.115598733806
-12.893314689710678 -2.0132141719659558 -4.842461761872983 805.5290988958127 21.586565099280577 62552.87961654676 60560.970240201445 65103.115598733806
-9.14049783545488 8.63021361194842 -5.840196192351868 1040.6382971246078 21.586565099280577 62552.87961654676 60560.970240201445 65103.115598733806
9.784734195229248 -7.1670966733727255 1.2257477520251996 851.2640783381946 21.586565099280577 62552.87961654676 60560.970240201445 65103.115598733806
6.598347709004884 0.26905883054132573 -8.06265476999397 775.8707757792354 21.586565099280577 62552.87961654676 60560.970240201445 65103.115598733806
13.20640923287283 1.5559171150162001 -13.958289237460122 849.6332730615471 21.586565099280577 62552.87961654676 60560.970240201445 65103.115598733806
13.157699393224902 7.90329411845596 -5.791365978431713 987.6709024559885 21.586565099280577 62552.87961654676 60560.970240201445 65103.115598733806
10.715038024354726 3.4698231674046838 -0.8555523735121824 849.54823237982 21.586565099280577 62552.87961654676 60560.970240201445 65103.115598733806
7.635130171831406 -4.018711545832048 -13.147119637782453 962.6960013587138 21.586565099280577 62552.87961654676 60560.970240201445 65103.115598733806
12.597908345524047 -11.002024250999966 -11.062421517533949 2721.9531371507405 21.586565099280577 62552.87961654676 60560.970240201445 65103.115598733806
1.097969166439725 6.96464880478743 -11.741261698225571 1247.9857208218862 21.586565099280577 62552.87961654676 60560.970240201445 65103.115598733806
10.31990862643579 -10.173089267009345 11.515807220624993 1121.3833116211226 21.586565099280577 62552.87961654676 60560.970240201445 65103.115598733806
-0.336054620151117 -8.521025785128586 7.246911342386738 1329.7447920312172 21.586565099280577 62552.87961654676 60560.970240201445 65103.115598733806
11.819252303546818 -8.2747185603439 10.682291632154374 762.057550408254 21.586565099280577 62552.87961654676 60560.970240201445 65103.115598733806
