5.1572346802277025 5.2762033078906825 -1.8412789728026837 775.8707755193817 21.696945424460434 63061.876583165475 61027.86209525179 65629.14643841727
-0.33422445286851143 -2.2022497825309983 -21.364675051227096 1970.3616842333604 21.696945424460434 63061.876583165475 61027.86209525179 65629.14643841727
-14.68124969220662 12.408151302821352 7.582581844748347 849.886541400309 21.696945424460434 63061.876583165475 61027.86209525179 65629.14643841727
1.7629513620704529 17.561341658161837 8.266503600898432 792.1425659154498 21.696945424460434 63061.876583165475 61027.86209525179 65629.14643841727
-5.8209241497388575 -14.084949853604485 -13.721535023942124 1202.2514605134493 21.696945424460434 63061.876583165475 61027.86209525179 65629.14643841727
14.366889317214373 -11.098199379579455 -4.375060630482039 1117.209798935712 21.696945424460434 63061.876583165475 61027.86209525179 65629.14643841727
-18.677194667579897 2.384486586866842 2.898757783390465 973.2706914397878 21.696945424460434 63061.876583165475 61027.86209525179 65629.14643841727
-15.86696221747843 3.2607600057381205 8.121001656822045 900.8731686676798 21.696945424460434 63061.876583165475 61027.86209525179 65629.14643841727
15.322150697858888 -2.7005944502234343 11.150240319620934 851.2640785890417 21.696945424460434 63061.876583165475 61027.86209525179 65629.14643841727
14.226006593249622 -12.946978716856393 -1.169163304977701 1305.3647326580347 21.696945424460434 63061.876583165475 61027.86209525179 65629.14643841727
8.36187307696673 -14.40896323382185 -9.751118060245062 761.8216886389619 21.696945424460434 63061.876583165475 61027.86209525179 65629.14643841727
-1.9002960467187222 -14.499444312197738 0.3021942343330011 1267.2251821157197 21.696945424460434 63061.876583165475 61027.86209525179 65629.14643841727
7.7496240158507135 -13.739006160212739 -9.855031134211458 895.550286121815 21.696945424460434 63061.876583165475 61027.86209525179 65629.14643841727
12.974969710587175 5.91877223677875 -7.542626859634765 849.633272882111 21.696945424460434 63061.876583165475 61027.86209525179 65629.14643841727
-0.17722932244942058 18.360435138754838 4.757950351253385 987.6709025384429 21.696945424460434 63061.876583165475 61027.86209525179 65629.14643841727
-14.229095947637688 -0.22956848141620867 -14.212244877053308 988.8170245229893 21.696945424460434 63061.876583165475 61027.86209525179 65629.14643841727
-14.643829670487321 4.223759142791096 1.888238756771898 805.5290992210979 21.696945424460434 63061.876583165475 61027.86209525179 65629.14643841727
16.664856746720034 -2.27962743829994 -11.301533406513045 823.7907991813719 21.696945424460434 63061.876583165475 61027.86209525179 65629.14643841727
-11.853944873233559 13.650382333231391 1.0677154258155497 1040.6382974620863 21.696945424460434 63061.876583165475 61027.86209525179 65629.14643841727
-4.734930024736968 -7.3753636910550995 -15.440121534265927 1299.3748545977055 21.696945424460434 63061.876583165475 61027.86209525179 65629.14643841727
-8.466683554303017 19.7670697931826 -0.8657044929568656 933.0006072736165 21.696945424460434 63061.876583165475 61027.86209525179 65629.14643841727
14.769106998304778 0.2773453953268472 -2.4797575088450685 962.69600150731 21.696945424460434 63061.876583165475 61027.86209525179 65629.14643841727
-20.7202870582405 3.212226116571401 -4.671492756911903 932.7662706573908 21.696945424460434 63061.876583165475 61027.86209525179 65629.14643841727
15.433623197946872 -8.240712313832773 4.146420254182885 1247.9089259851128 21.696945424460434 63061.876583165475 61027.86209525179 65629.14643841727
-0.7284673840986216 11.719536105701991 -5.064138413203182 1247.9857207081457 21.696945424460434 63061.876583165475 61027.86209525179 65629.14643841727
-7.240818766258599 -14.754273507329344 -12.29539988063334 883.1695170708846 21.696945424460434 63061.876583165475 61027.86209525179 65629.14643841727
6.5875717877279385 -3.14714265234943 16.868648725372623 1329.7447924831854 21.696945424460434 63061.876583165475 61027.86209525179 65629.14643841727
6.766156240235432 1.6658664217102341 -18.267643259488977 893.9520434783373 21.696945424460434 63061.876583165475 61027.86209525179 65629.14643841727
13.000246071656875 -6.933838347053097 13.322072181545082 992.7592825535505 21.696945424460434 63061.876583165475 61027.86209525179 65629.14643841727
-9.591491763705562 0.8736205211171182 -2.9974281773611438 831.8469406108311 21.696945424460434 63061.876583165475 61027.86209525179 65629.14643841727
2.2891389602737036 -10.029531372681959 -6.707758942924556 886.6101075038507 21.696945424460434 63061.876583165475 61027.86209525179 65629.14643841727
-9.370792398396588 -6.723287734545011 -5.921006864329684 753.3756459872633 21.696945424460434 63061.876583165475 61027.86209525179 65629.14643841727
5.281068832548044 -6.257266584289027 -9.997806534724077 1181.8466184963445 21.696945424460434 63061.876583165475 61027.86209525179 65629.14643841727
5.574226689735951 -7.784616928984178 -11.69703813236265 808.381364288114 21.696945424460434 63061.876583165475 61027.86209525179 65629.14643841727
9.27061097171827 8.066202008034452 4.87993224823731 849.5482323249108 21.696945424460434 63061.876583165475 61027.86209525179 65629.14643841727
11.351969275252486 -5.37690684638801 -4.228425686756964 2721.953137689714 21.696945424460434 63061.876583165475 61027.86209525179 65629.14643841727
-1.0088239128454006 -6.406450817215955 6.5064751450991025 1035.3535785702154 21.696945424460434 63061.876583165475 61027.86209525179 65629.14643841727
9.172666804050095 5.376649078367336 -5.661637820026954 932.5654325582332 21.696945424460434 63061.876583165475 61027.86209525179 65629.14643841727
1.5818557551174308 -8.203557516477304 -12.214559647123679 1340.4545763812102 21.696945424460434 63061.876583165475 61027.86209525179 65629.14643841727
-9.564415288674354 -10.29822790226899 9.304033552252804 1326.9877146024337 21.696945424460434 63061.876583165475 61027.86209525179 65629.14643841727
8.453278548229719 0.26169245904748095 -9.855829716223525 826.7182551877152 21.696945424460434 63061.876583165475 61027.86209525179 65629.14643841727
-9.907933945200057 -2.8226605630188715 -11.307015177430003 929.5768642638111 21.696945424460434 63061.876583165475 61027.86209525179 65629.14643841727
