0.955306710638979 2.6643661206398974 -4.36812554748758 943.4183706847502 6.745832554244605 43234.69168745324 42282.78132437411 44455.1579395108 32483284.0
-0.058341099742392544 -0.07628499041311443 0.1457509093816043 1917.277137705777 6.745832554244605 43234.69168745324 42282.78132437411 44455.1579395108 60811945.0
-0.059792593820020556 -0.07564404696313431 0.14703639650542755 1899.7967518373687 6.745832554244605 43234.69168745324 42282.78132437411 44455.1579395108 60811974.0
-0.06112130005931249 -0.07520980101980967 0.14814598616067087 1889.272552054156 6.745832554244605 43234.69168745324 42282.78132437411 44455.1579395108 60812003.0
-0.07109638334077317 -0.07875603725551628 0.10249790701345773 2395.239760823533 6.745832554244605 43234.69168745324 42282.78132437411 44455.1579395108 60814361.0
-0.07154503093624953 -0.07765853078308282 0.10314419800852193 2389.5876276624444 6.745832554244605 43234.69168745324 42282.78132437411 44455.1579395108 60814401.0
-0.07200019121955847 -0.07674596064316574 0.10372457996709272 2385.853218690021 6.745832554244605 43234.69168745324 42282.78132437411 44455.1579395108 60814441.0
-0.0725697661691811 -0.07582342294335831 0.10437141497095581 2326.574453140068 6.745832554244605 43234.69168745324 42282.78132437411 44455.1579395108 60814479.0
-0.07312054446811089 -0.07511535222147359 0.1049326835636748 2324.3587631082833 6.745832554244605 43234.69168745324 42282.78132437411 44455.1579395108 60814512.0
-0.07382908583531389 -0.07441480903071351 0.10558407338248799 2267.538647024235 6.745832554244605 43234.69168745324 42282.78132437411 44455.1579395108 60814543.0
-0.07448607631522464 -0.07393775867967634 0.10613264408311807 2267.2204025817614 6.745832554244605 43234.69168745324 42282.78132437411 44455.1579395108 60814572.0
-0.07539282958896365 -0.0734940711845411 0.10682348536647623 2211.554718016549 6.745832554244605 43234.69168745324 42282.78132437411 44455.1579395108 60814601.0
-0.07629148595151491 -0.07325655099702999 0.1074476571084233 2207.453718447546 6.745832554244605 43234.69168745324 42282.78132437411 44455.1579395108 60814629.0
-0.07712837419239804 -0.07318428836151725 0.10798696205893066 2173.572991719694 6.745832554244605 43234.69168745324 42282.78132437411 44455.1579395108 60814659.0
-0.07835385559883434 -0.07329142613161821 0.10871887527173385 2158.670376511005 6.745832554244605 43234.69168745324 42282.78132437411 44455.1579395108 60814688.0
-0.07933321702876128 -0.0735321343963733 0.10926356159325223 2130.858324299322 6.745832554244605 43234.69168745324 42282.78132437411 44455.1579395108 60814717.0
-0.07972147200780455 -0.07365718758956064 0.10947022404434392 802.1296357302441 6.745832554244605 43234.69168745324 42282.78132437411 44455.1579395108 60814746.0
-0.08093749171530362 -0.07414071373932529 0.11008400459832046 2110.173820657835 6.745832554244605 43234.69168745324 42282.78132437411 44455.1579395108 60814748.0
-0.08211383340676548 -0.07472077539569 0.11063281374663347 2111.018958445143 6.745832554244605 43234.69168745324 42282.78132437411 44455.1579395108 60814778.0
-0.08258805953664705 -0.0749788439788972 0.11084127060894389 803.579815249285 6.745832554244605 43234.69168745324 42282.78132437411 44455.1579395108 60814807.0
-0.08386494692967972 -0.07576454197260318 0.11138123174168868 2059.3765650728697 6.745832554244605 43234.69168745324 42282.78132437411 44455.1579395108 60814809.0
-0.08524252170900581 -0.07673657714622095 0.11192720743565587 2060.8681266502945 6.745832554244605 43234.69168745324 42282.78132437411 44455.1579395108 60814837.0
-0.08697961849247804 -0.07812780405947706 0.11257122398819774 2020.2507097555826 6.745832554244605 43234.69168745324 42282.78132437411 44455.1579395108 60814866.0
-0.08855493571172701 -0.07956218629260547 0.11312981805531308 2021.9236318080605 6.745832554244605 43234.69168745324 42282.78132437411 44455.1579395108 60814895.0
-0.08922283655556384 -0.08021408494823845 0.11335975918336771 817.78099486775 6.745832554244605 43234.69168745324 42282.78132437411 44455.1579395108 60814924.0
0.017367107611789834 -0.06909484019706724 0.0090245285173296 2609.0460859955588 6.745832554244605 43234.69168745324 42282.78132437411 44455.1579395108 60861436.0
0.017361104597512167 -0.06755820538819535 0.007958003538078628 2624.3890494882485 6.745832554244605 43234.69168745324 42282.78132437411 44455.1579395108 60861449.0
0.01735814085986931 -0.06637391321419273 0.007139971014112234 1493.0428109541476 6.745832554244605 43234.69168745324 42282.78132437411 44455.1579395108 60861460.0
0.017356334028590936 -0.06481572528718971 0.006068172115192283 2642.52137345538 6.745832554244605 43234.69168745324 42282.78132437411 44455.1579395108 60861464.0
0.01735695959359873 -0.0632454009828507 0.004993698887119535 2651.636713904684 6.745832554244605 43234.69168745324 42282.78132437411 44455.1579395108 60861476.0
0.017360793041007128 -0.06138147051387932 0.003725517453858629 2657.826180869416 6.745832554244605 43234.69168745324 42282.78132437411 44455.1579395108 60861489.0
0.017366708525514696 -0.059790034261823166 0.002649036207003519 2661.8525678675705 6.745832554244605 43234.69168745324 42282.78132437411 44455.1579395108 60861502.0
0.01737665687687695 -0.05792446621489944 0.001394385239109397 2662.4384295840764 6.745832554244605 43234.69168745324 42282.78132437411 44455.1579395108 60861516.0
0.017387807740306016 -0.05631879231805215 0.00032091768662212417 2660.3581180778283 6.745832554244605 43234.69168745324 42282.78132437411 44455.1579395108 60861529.0
0.017397341296600644 -0.055157639806566294 -0.00045165218034526333 1465.7529172098252 6.745832554244605 43234.69168745324 42282.78132437411 44455.1579395108 60861541.0
0.017412538632925134 -0.05354850058211014 -0.0015173312058323063 2645.9117470874985 6.745832554244605 43234.69168745324 42282.78132437411 44455.1579395108 60861545.0
0.017430041480110958 -0.051938461532699876 -0.002577785387984477 2635.369520911281 6.745832554244605 43234.69168745324 42282.78132437411 44455.1579395108 60861559.0
0.01745377179031493 -0.05001918534253491 -0.0038342388652381487 2617.7833254115358 6.745832554244605 43234.69168745324 42282.78132437411 44455.1579395108 60861573.0
0.017475984524935484 -0.04841289540490834 -0.0048794651665957645 2602.916016129342 6.745832554244605 43234.69168745324 42282.78132437411 44455.1579395108 60861586.0
0.017496471766207833 -0.0470512868851074 -0.005760867839853745 1610.8220526907871 6.745832554244605 43234.69168745324 42282.78132437411 44455.1579395108 60861598.0
0.017522469446703326 -0.04545104557473678 -0.006791492909542285 2569.4732930647656 6.745832554244605 43234.69168745324 42282.78132437411 44455.1579395108 60861603.0
0.017539413544000126 -0.04447064433043124 -0.0074200760427629575 1567.316099869425 6.745832554244605 43234.69168745324 42282.78132437411 44455.1579395108 60861614.0
0.017568631548783742 -0.042874324761214666 -0.008438926073722541 2541.8995043720156 6.745832554244605 43234.69168745324 42282.78132437411 44455.1579395108 60861618.0
0.017599841092305724 -0.04127844849426765 -0.009451810372411273 2527.853635178995 6.745832554244605 43234.69168745324 42282.78132437411 44455.1579395108 60861631.0
0.017643476952798665 -0.03919842338655144 -0.010763419842987787 2510.4073835739546 6.745832554244605 43234.69168745324 42282.78132437411 44455.1579395108 60861645.0
0.017679239623248577 -0.03760050140408566 -0.011764498231059406 2500.480510494402 6.745832554244605 43234.69168745324 42282.78132437411 44455.1579395108 60861658.0
0.017711069718643557 -0.036245605173462536 -0.012608866272785235 1270.4855487094785 6.745832554244605 43234.69168745324 42282.78132437411 44455.1579395108 60861670.0
0.017750500082911458 -0.034641988058865536 -0.013602989507489838 2483.7432029871934 6.745832554244605 43234.69168745324 42282.78132437411 44455.1579395108 60861673.0
0.01779198408621596 -0.0330319145868998 -0.014595416490919888 2478.046135143543 6.745832554244605 43234.69168745324 42282.78132437411 44455.1579395108 60861687.0
0.01785191871749703 -0.030823656074062455 -0.015947178122587502 2472.154037262467 6.745832554244605 43234.69168745324 42282.78132437411 44455.1579395108 60861701.0
0.01789838375407271 -0.029193419024522882 -0.016938244734774344 2470.4121981833637 6.745832554244605 43234.69168745324 42282.78132437411 44455.1579395108 60861713.0
0.017939335135451984 -0.027807886559457984 -0.017775933200027794 1160.8612563715171 6.745832554244605 43234.69168745324 42282.78132437411 44455.1579395108 60861724.0
0.017989795465837233 -0.026158782275160775 -0.018767504479910713 2467.197543357666 6.745832554244605 43234.69168745324 42282.78132437411 44455.1579395108 60861727.0
0.018042511903331615 -0.024496949445165228 -0.01976070569071453 2468.0788205782046 6.745832554244605 43234.69168745324 42282.78132437411 44455.1579395108 60861739.0
0.018100079483701847 -0.022747005052224267 -0.020801018094061874 1648.282711293963 6.745832554244605 43234.69168745324 42282.78132437411 44455.1579395108 60861750.0
0.01815745740896091 -0.021060661230876576 -0.021797277346195187 2469.248405248521 6.745832554244605 43234.69168745324 42282.78132437411 44455.1579395108 60861757.0
