1.6474359138082946 0.8386445968790213 -2.6664798414421966 943.4183705527281 6.702148116258994 43165.47374365468 42218.921804374106 44380.97590221583 32483284.0
-0.08565472982445499 0.006100454702391289 -0.11906664022535551 2470.4442553627005 6.702148116258994 43165.47374365468 42218.921804374106 44380.97590221583 60811945.0
-0.08573195383360144 0.0072722955083008856 -0.12031222241057549 2447.314856379217 6.702148116258994 43165.47374365468 42218.921804374106 44380.97590221583 60811974.0
-0.08579388484213268 0.008274295665614773 -0.12137175805401057 2433.244262097745 6.702148116258994 43165.47374365468 42218.921804374106 44380.97590221583 60812003.0
-0.06071169076312799 0.015212644764687866 -0.058942158924764954 3120.8898444063466 6.702148116258994 43165.47374365468 42218.921804374106 44380.97590221583 60814361.0
-0.060662460295134224 0.01709203377686208 -0.06022912771004485 3113.0296997705586 6.702148116258994 43165.47374365468 42218.921804374106 44380.97590221583 60814401.0
-0.06061445554951206 0.018804706116497982 -0.061395236567477696 3107.6678113272023 6.702148116258994 43165.47374365468 42218.921804374106 44380.97590221583 60814441.0
-0.060556536678632256 0.020737667742650956 -0.0627035757061094 3029.9133301595057 6.702148116258994 43165.47374365468 42218.921804374106 44380.97590221583 60814479.0
-0.060502687221742235 0.02243296145752538 -0.06384439241810469 3026.550778010318 6.702148116258994 43165.47374365468 42218.921804374106 44380.97590221583 60814512.0
-0.060435884101025295 0.02441774839826394 -0.06517200280359248 2951.9946051120855 6.702148116258994 43165.47374365468 42218.921804374106 44380.97590221583 60814543.0
-0.06037616002140567 0.026099276765307877 -0.0662901192845311 2951.0499764620995 6.702148116258994 43165.47374365468 42218.921804374106 44380.97590221583 60814572.0
-0.06029609574761707 0.02822194118925836 -0.06769286417693365 2877.942247046499 6.702148116258994 43165.47374365468 42218.921804374106 44380.97590221583 60814601.0
-0.06021957407210721 0.03014178880403051 -0.06895340055052657 2872.0288105047985 6.702148116258994 43165.47374365468 42218.921804374106 44380.97590221583 60814629.0
-0.06015049045527121 0.03179729734983994 -0.0700340689290897 2827.4241953390474 6.702148116258994 43165.47374365468 42218.921804374106 44380.97590221583 60814659.0
-0.06005278364318656 0.03403332694142591 -0.07148461854376364 2807.3365406166686 6.702148116258994 43165.47374365468 42218.921804374106 44380.97590221583 60814688.0
-0.059977419397910126 0.03568668281513965 -0.07255045037163654 2770.6414268761228 6.702148116258994 43165.47374365468 42218.921804374106 44380.97590221583 60814717.0
-0.05994813076540595 0.03631235244392883 -0.07295258158410434 1042.8073775483372 6.702148116258994 43165.47374365468 42218.921804374106 44380.97590221583 60814746.0
-0.05985900239465991 0.03817116915161023 -0.07414399139088346 2742.8055169196346 6.702148116258994 43165.47374365468 42218.921804374106 44380.97590221583 60814748.0
-0.05977629170229193 0.03983735990914283 -0.07520844497048529 2743.202251768616 6.702148116258994 43165.47374365468 42218.921804374106 44380.97590221583 60814778.0
-0.0597438281547511 0.04047406664903974 -0.07561469924257835 1044.028340308038 6.702148116258994 43165.47374365468 42218.921804374106 44380.97590221583 60814807.0
-0.059658690239302814 0.042115050862776116 -0.0766581493371632 2675.102486976735 6.702148116258994 43165.47374365468 42218.921804374106 44380.97590221583 60814809.0
-0.05957043402304407 0.043769445379439276 -0.0777060563195846 2676.327555255923 6.702148116258994 43165.47374365468 42218.921804374106 44380.97590221583 60814837.0
-0.05946365247655194 0.04571086508076405 -0.07893029032129562 2622.7541477809473 6.702148116258994 43165.47374365468 42218.921804374106 44380.97590221583 60814866.0
-0.05937070370418951 0.04736481649160851 -0.07996634386654478 2624.2260489521436 6.702148116258994 43165.47374365468 42218.921804374106 44380.97590221583 60814895.0
-0.05933226563502103 0.048038256412837654 -0.08038648534420645 1061.1833291857415 6.702148116258994 43165.47374365468 42218.921804374106 44380.97590221583 60814924.0
