-0.03436311449331697 0.047897390089929104 0.1054232013048022 1864.3885772170145 6.748801141582735 43373.266772302166 42410.159735223024 44603.67455922302 60811945.0
-0.036647292829002254 0.05196308859012788 0.10608954916096991 1846.696173297643 6.748801141582735 43373.266772302166 42410.159735223024 44603.67455922302 60811974.0
-0.03875023355794838 0.05535194753610995 0.10661735486792168 1835.8791863832519 6.748801141582735 43373.266772302166 42410.159735223024 44603.67455922302 60812003.0
-0.06265016705583548 0.042800706512934994 0.07029315490217414 2343.326764934807 6.748801141582735 43373.266772302166 42410.159735223024 44603.67455922302 60814361.0
-0.06291567598236725 0.047345571067126 0.0703198254777817 2337.3026276073115 6.748801141582735 43373.266772302166 42410.159735223024 44603.67455922302 60814401.0
-0.06323207960667787 0.051457879242661875 0.0702956147142686 2333.1688377833266 6.748801141582735 43373.266772302166 42410.159735223024 44603.67455922302 60814441.0
-0.06367894714639988 0.05604953940201085 0.07021303586952854 2274.6772289310456 6.748801141582735 43373.266772302166 42410.159735223024 44603.67455922302 60814479.0
-0.06415240727073979 0.060019461750925984 0.07009199466119753 2272.0548544559047 6.748801141582735 43373.266772302166 42410.159735223024 44603.67455922302 60814512.0
-0.0648087555236998 0.0645771066119778 0.06989208911545575 2215.975924999668 6.748801141582735 43373.266772302166 42410.159735223024 44603.67455922302 60814543.0
-0.06545617141091498 0.06834434399206657 0.06967308837192832 2215.1783682028345 6.748801141582735 43373.266772302166 42410.159735223024 44603.67455922302 60814572.0
-0.06640098143543582 0.07294603499758523 0.06933473418757785 2160.194668022307 6.748801141582735 43373.266772302166 42410.159735223024 44603.67455922302 60814601.0
-0.067384435031272 0.07693192907754565 0.06896486968616955 2155.6650195640814 6.748801141582735 43373.266772302166 42410.159735223024 44603.67455922302 60814629.0
-0.06833614599599969 0.08020626212964999 0.06859759386134101 2122.1110503335244 6.748801141582735 43373.266772302166 42410.159735223024 44603.67455922302 60814659.0
-0.06978332665312337 0.08434854384540813 0.0680282221219386 2106.9377739742217 6.748801141582735 43373.266772302166 42410.159735223024 44603.67455922302 60814688.0
-0.07098017941461876 0.08716888511844445 0.06755144827911863 2079.3295661819666 6.748801141582735 43373.266772302166 42410.159735223024 44603.67455922302 60814717.0
-0.0714640396181494 0.08818169457663316 0.06735694225062616 782.6399680113972 6.748801141582735 43373.266772302166 42410.159735223024 44603.67455922302 60814746.0
-0.07301255613128887 0.09100486616807757 0.06672306198743172 2058.3402114525143 6.748801141582735 43373.266772302166 42410.159735223024 44603.67455922302 60814748.0
-0.07455573193874443 0.0932779324502917 0.06607482190884184 2058.5742356879987 6.748801141582735 43373.266772302166 42410.159735223024 44603.67455922302 60814778.0
-0.0751904757344164 0.0940793931731605 0.06580278879846446 783.4962765268959 6.748801141582735 43373.266772302166 42410.159735223024 44603.67455922302 60814807.0
-0.07693059130542679 0.09590357498382218 0.06505641948751872 2007.3878117317004 6.748801141582735 43373.266772302166 42410.159735223024 44603.67455922302 60814809.0
-0.07885964922024868 0.0973675237619318 0.06422463943454204 2008.250191905069 6.748801141582735 43373.266772302166 42410.159735223024 44603.67455922302 60814837.0
-0.0813663832450402 0.0985233204846736 0.06314454261155333 1967.9869024524214 6.748801141582735 43373.266772302166 42410.159735223024 44603.67455922302 60814866.0
-0.08370719248341629 0.09892307638074271 0.06215737174352398 1969.0412737316108 6.748801141582735 43373.266772302166 42410.159735223024 44603.67455922302 60814895.0
-0.08471890984219499 0.09891867421538336 0.061737361080304254 796.2637914150728 6.748801141582735 43373.266772302166 42410.159735223024 44603.67455922302 60814924.0
0.02808165411261143 -0.04276181260502199 -0.026709049256169237 1958.9005768849388 6.748801141582735 43373.266772302166 42410.159735223024 44603.67455922302 60861436.0
0.02809499936120119 -0.04530190448713256 -0.02765397664916236 1970.369738632186 6.748801141582735 43373.266772302166 42410.159735223024 44603.67455922302 60861449.0
0.028141320013673976 -0.04722633575875079 -0.02836628010845743 1120.9311194496972 6.748801141582735 43373.266772302166 42410.159735223024 44603.67455922302 60861460.0
0.028253921096620616 -0.049722733470844105 -0.029281564937264193 1983.8955938614138 6.748801141582735 43373.266772302166 42410.159735223024 44603.67455922302 60861464.0
0.02842755201709224 -0.05218372304807417 -0.030179012384905946 1990.6915752710145 6.748801141582735 43373.266772302166 42410.159735223024 44603.67455922302 60861476.0
0.028715793800074607 -0.055023302185873035 -0.031212051755574066 1995.2833298304627 6.748801141582735 43373.266772302166 42410.159735223024 44603.67455922302 60861489.0
0.0290350883587962 -0.05737186001351802 -0.03206693718675524 1998.260146994409 6.748801141582735 43373.266772302166 42410.159735223024 44603.67455922302 60861502.0
0.029499125383154023 -0.06002148108382244 -0.033036059787264094 1998.6467674107005 6.748801141582735 43373.266772302166 42410.159735223024 44603.67455922302 60861516.0
0.029977346799569204 -0.062207264090829995 -0.0338430645497283 1997.0405952845801 6.748801141582735 43373.266772302166 42410.159735223024 44603.67455922302 60861529.0
0.030370834065251984 -0.06372194175492041 -0.034410248961648904 1100.2637564740023 6.748801141582735 43373.266772302166 42410.159735223024 44603.67455922302 60861541.0
0.030983668730186764 -0.06573355806904146 -0.03517461444425862 1986.1221236464016 6.748801141582735 43373.266772302166 42410.159735223024 44603.67455922302 60861545.0
0.031677168743044604 -0.06762839861039538 -0.03591199759830488 1978.1676153678256 6.748801141582735 43373.266772302166 42410.159735223024 44603.67455922302 60861559.0
0.03261094939080067 -0.06971831512782956 -0.03675623319577426 1964.9197754987301 6.748801141582735 43373.266772302166 42410.159735223024 44603.67455922302 60861573.0
0.033484444436908234 -0.07131404800020391 -0.037432231940329075 1953.7228353201776 6.748801141582735 43373.266772302166 42410.159735223024 44603.67455922302 60861586.0
0.03429151773889316 -0.07254467344318982 -0.037983551039360464 1209.0418174876145 6.748801141582735 43373.266772302166 42410.159735223024 44603.67455922302 60861598.0
0.03531989584007533 -0.07384329348133178 -0.038604801360634156 1928.5599714708817 6.748801141582735 43373.266772302166 42410.159735223024 44603.67455922302 60861603.0
0.035993150173453614 -0.07455140298407059 -0.038970829809841234 1176.3566618890218 6.748801141582735 43373.266772302166 42410.159735223024 44603.67455922302 60861614.0
0.03716055127006257 -0.07555547759693582 -0.039542858125059865 1907.8161747239017 6.748801141582735 43373.266772302166 42410.159735223024 44603.67455922302 60861618.0
0.03841666720836656 -0.07636171235935763 -0.040084337029838935 1897.246412592257 6.748801141582735 43373.266772302166 42410.159735223024 44603.67455922302 60861631.0
0.04018937789078336 -0.07708878345874837 -0.04074164837220451 1884.1183457567108 6.748801141582735 43373.266772302166 42410.159735223024 44603.67455922302 60861645.0
0.04165697018470382 -0.07737819851899985 -0.04120803849946242 1876.6432726245364 6.748801141582735 43373.266772302166 42410.159735223024 44603.67455922302 60861658.0
0.04297407356352778 -0.07742496446007863 -0.04157568266236922 953.5014718373377 6.748801141582735 43373.266772302166 42410.159735223024 44603.67455922302 60861670.0
0.04461998015176505 -0.0772318943272694 -0.04197749049490085 1864.0421443856499 6.748801141582735 43373.266772302166 42410.159735223024 44603.67455922302 60861673.0
0.04636797709099483 -0.07674656152084935 -0.04234196124889422 1859.7512484407744 6.748801141582735 43373.266772302166 42410.159735223024 44603.67455922302 60861687.0
0.04892117267445428 -0.07556658270186745 -0.04277773231297033 1855.3115079260313 6.748801141582735 43373.266772302166 42410.159735223024 44603.67455922302 60861701.0
0.05092300466640154 -0.07428554779471597 -0.043048336046922486 1853.9939744686963 6.748801141582735 43373.266772302166 42410.159735223024 44603.67455922302 60861713.0
0.05270204979024129 -0.07290223172458354 -0.04324301272572484 871.1969024012649 6.748801141582735 43373.266772302166 42410.159735223024 44603.67455922302 60861724.0
0.05491404486383544 -0.0708802261215169 -0.04342994093167363 1851.567141430776 6.748801141582735 43373.266772302166 42410.159735223024 44603.67455922302 60861727.0
0.05724737956188619 -0.06840432539320318 -0.04356837342493236 1852.22405994534 6.748801141582735 43373.266772302166 42410.159735223024 44603.67455922302 60861739.0
0.059863718786800746 -0.06525964508909965 -0.04362800191302085 1236.9863494300257 6.748801141582735 43373.266772302166 42410.159735223024 44603.67455922302 60861750.0
0.0625145848680404 -0.061664986751566175 -0.04361485252593411 1853.0966307565147 6.748801141582735 43373.266772302166 42410.159735223024 44603.67455922302 60861757.0
-0.11577352440508548 0.04661370518442709 0.14760899147950113 2034.6159622814978 6.748801141582735 43373.266772302166 42410.159735223024 44603.67455922302 60878883.0
-0.1164870204665931 0.050510427412518766 0.1470671695205965 2016.9645989824435 6.748801141582735 43373.266772302166 42410.159735223024 44603.67455922302 60878902.0
-0.1169417063210858 0.05284368748834822 0.14670497351471568 1210.897179514537 6.748801141582735 43373.266772302166 42410.159735223024 44603.67455922302 60878920.0
-0.11774060972675215 0.05668777270329883 0.14604519226850243 1997.9978823458973 6.748801141582735 43373.266772302166 42410.159735223024 44603.67455922302 60878925.0
-0.11821254646201851 0.05882848821784137 0.14564154855179368 1117.6634357250236 6.748801141582735 43373.266772302166 42410.159735223024 44603.67455922302 60878944.0
-0.11909864038170781 0.06261749441182474 0.14486026002123253 1984.8747124166684 6.748801141582735 43373.266772302166 42410.159735223024 44603.67455922302 60878949.0
-0.12004965673258994 0.06638162864692276 0.14399604898062535 1984.5785799472606 6.748801141582735 43373.266772302166 42410.159735223024 44603.67455922302 60878968.0
-0.12057392883434659 0.0683450850265217 0.14350817043305142 1042.7849511189725 6.748801141582735 43373.266772302166 42410.159735223024 44603.67455922302 60878988.0
-0.12161457746697124 0.07202021109696943 0.14252019932609983 1965.4783473830123 6.748801141582735 43373.266772302166 42410.159735223024 44603.67455922302 60878992.0
-0.12271948652050924 0.07563321143970825 0.14144913065683795 1954.82303490612 6.748801141582735 43373.266772302166 42410.159735223024 44603.67455922302 60879012.0
-0.12325139230233617 0.07727812456141692 0.14092599189461907 899.2863234315698 6.748801141582735 43373.266772302166 42410.159735223024 44603.67455922302 60879033.0
-0.1241985851956997 0.08006661021499895 0.13998295954661444 1538.393680271112 6.748801141582735 43373.266772302166 42410.159735223024 44603.67455922302 60879036.0
-0.1254819655805477 0.08357352131133666 0.13868916295905365 1964.422715202635 6.748801141582735 43373.266772302166 42410.159735223024 44603.67455922302 60879050.0
-0.12686417883378454 0.08704528422822477 0.13727559468679829 1983.8569387632758 6.748801141582735 43373.266772302166 42410.159735223024 44603.67455922302 60879071.0
-0.127427549152344 0.08837378226598958 0.1366962361644255 772.2396006075268 6.748801141582735 43373.266772302166 42410.159735223024 44603.67455922302 60879091.0
-0.12895389724872075 0.09174739506124752 0.1351148133398965 1996.7189716495323 6.748801141582735 43373.266772302166 42410.159735223024 44603.67455922302 60879094.0
-0.13060319062060444 0.09504923211352434 0.1333925642320537 2017.9164920003602 6.748801141582735 43373.266772302166 42410.159735223024 44603.67455922302 60879115.0
-0.13280723210482392 0.09895297581533669 0.1310813802483608 1762.3326357314893 6.748801141582735 43373.266772302166 42410.159735223024 44603.67455922302 60879136.0
-0.13476688091031974 0.1019894355777069 0.12902098627819214 2047.6014899052843 6.748801141582735 43373.266772302166 42410.159735223024 44603.67455922302 60879154.0
-0.1373852092292509 0.1054734936406021 0.1262733204785036 2058.2509274928834 6.748801141582735 43373.266772302166 42410.159735223024 44603.67455922302 60879179.0
-0.13972225774341496 0.10810477998893475 0.12382146964955609 2047.036687874817 6.748801141582735 43373.266772302166 42410.159735223024 44603.67455922302 60879202.0
-0.14297398769122083 0.11112067692010896 0.12040808450547047 2025.2563259035085 6.748801141582735 43373.266772302166 42410.159735223024 44603.67455922302 60879225.0
-0.1458498103384045 0.11323187556990888 0.11739344130182872 2020.7082645924936 6.748801141582735 43373.266772302166 42410.159735223024 44603.67455922302 60879246.0
-0.14952990881283768 0.11526329263142543 0.11354659977951087 1835.2472980397085 6.748801141582735 43373.266772302166 42410.159735223024 44603.67455922302 60879268.0
-0.15311729521636153 0.11657602150808088 0.1098302518366836 2062.4580616056815 6.748801141582735 43373.266772302166 42410.159735223024 44603.67455922302 60879285.0
-0.15703155603841878 0.11733504040603293 0.10582346558658173 2066.004134540384 6.748801141582735 43373.266772302166 42410.159735223024 44603.67455922302 60879307.0
-0.16222849546466023 0.11738558630167972 0.10058500093145994 2062.349543510958 6.748801141582735 43373.266772302166 42410.159735223024 44603.67455922302 60879332.0
-0.20831775743863545 0.040655654927832074 0.06528551371593494 1730.873018986794 6.748801141582735 43373.266772302166 42410.159735223024 44603.67455922302 60882944.0
-0.21058006144448882 0.04116385566157987 0.06315659321990097 1882.0978230630033 6.748801141582735 43373.266772302166 42410.159735223024 44603.67455922302 60882953.0
-0.21304822170350235 0.04147005059348885 0.06079932220745832 1935.4397695588802 6.748801141582735 43373.266772302166 42410.159735223024 44603.67455922302 60882963.0
-0.216772750391101 0.04147931530314963 0.05718706958577968 1963.5125423481702 6.748801141582735 43373.266772302166 42410.159735223024 44603.67455922302 60882974.0
-0.21965887233818648 0.04114446733001387 0.05434929077455308 1965.2395013969497 6.748801141582735 43373.266772302166 42410.159735223024 44603.67455922302 60882985.0
