6.30062689146871 4.262595713953488 -1.6802236483199522 1102.5017189232187 21.79435257553957 63574.29285179857 61497.1737991367 66158.17024920863
5.987525417396682 -5.586720391998824 3.026876189993345 886.6101074780473 21.79435257553957 63574.29285179857 61497.1737991367 66158.17024920863
4.146616412042931 0.143166456335166 -2.7362635571334977 1181.8466185657053 21.79435257553957 63574.29285179857 61497.1737991367 66158.17024920863
4.564579549769405 -1.5034170348299085 -4.308358001944725 808.381364216848 21.79435257553957 63574.29285179857 61497.1737991367 66158.17024920863
2.0120362361121806 -1.3557045886773267 -4.1760139202087885 1299.3748545855506 21.79435257553957 63574.29285179857 61497.1737991367 66158.17024920863
-3.495563078307896 2.6858297676881193 -0.24847180290089455 929.5768642759818 21.79435257553957 63574.29285179857 61497.1737991367 66158.17024920863
18.323169886643882 2.5469688077719184 -1.7585366822459036 922.491759780933 21.79435257553957 63574.29285179857 61497.1737991367 66158.17024920863
16.293991612110403 -9.267080779587559 -3.2060202652792213 990.5203500516146 21.79435257553957 63574.29285179857 61497.1737991367 66158.17024920863
16.134231324213033 -6.608036763740529 0.5603619474131847 771.678369084679 21.79435257553957 63574.29285179857 61497.1737991367 66158.17024920863
15.852585667656967 3.2073660575333633 -4.2877546275703935 823.7907992102284 21.79435257553957 63574.29285179857 61497.1737991367 66158.17024920863
16.221244597756595 -3.6002421911398415 10.392960761717404 1247.908925906249 21.79435257553957 63574.29285179857 61497.1737991367 66158.17024920863
16.158800313329266 9.171979803300928 5.431779156700941 932.5654326417896 21.79435257553957 63574.29285179857 61497.1737991367 66158.17024920863
15.699814040570345 4.886594713701925 1.338051752987667 826.7182548809418 21.79435257553957 63574.29285179857 61497.1737991367 66158.17024920863
17.945297429898346 -6.198557287621952 3.671681609324878 767.9437441304492 21.79435257553957 63574.29285179857 61497.1737991367 66158.17024920863
12.438880666530167 -11.237759404895769 13.206980244562146 866.8862974440644 21.79435257553957 63574.29285179857 61497.1737991367 66158.17024920863
-17.474274092273845 1.7707287036682828 4.390369165717857 753.3756457911034 21.79435257553957 63574.29285179857 61497.1737991367 66158.17024920863
-14.982865117657639 5.929553013324039 -6.7134126813325565 988.8170245229896 21.79435257553957 63574.29285179857 61497.1737991367 66158.17024920863
-15.878772213975026 10.581721963346354 8.795998045781744 805.5290992210982 21.79435257553957 63574.29285179857 61497.1737991367 66158.17024920863
-15.201058801256295 8.555752805732482 5.98603767498571 932.7662706573913 21.79435257553957 63574.29285179857 61497.1737991367 66158.17024920863
-19.490577423966897 5.888867346839106 -7.590874550893204 967.7954515245893 21.79435257553957 63574.29285179857 61497.1737991367 66158.17024920863
6.1227172741128015 -0.3680404334299965 16.606725218851352 1035.3535780445068 21.79435257553957 63574.29285179857 61497.1737991367 66158.17024920863
-20.621555290454125 1.0807546506475774 -5.066743587027304 1262.2497482120414 21.79435257553957 63574.29285179857 61497.1737991367 66158.17024920863
-15.829293172122561 -7.639802018253249 -5.274505637789844 883.1695170034127 21.79435257553957 63574.29285179857 61497.1737991367 66158.17024920863
-2.938801296033489 -3.960628779801482 19.434358024271205 1326.9877139265764 21.79435257553957 63574.29285179857 61497.1737991367 66158.17024920863
-18.18475275968376 2.9073167079041013 -0.5713643947819946 1174.7850820725964 21.79435257553957 63574.29285179857 61497.1737991367 66158.17024920863
6.706788825569674 -14.790489529550541 12.022794918098953 822.2581722977757 21.79435257553957 63574.29285179857 61497.1737991367 66158.17024920863
-14.01987621014996 8.043212422438955 7.191358447598759 831.8469400782129 21.79435257553957 63574.29285179857 61497.1737991367 66158.17024920863
11.91320013339282 -8.671617024752777 -7.283607696852414 751.349310770091 21.79435257553957 63574.29285179857 61497.1737991367 66158.17024920863
5.124833553658391 -14.561581131318235 -10.219597278206493 785.7872982885139 21.79435257553957 63574.29285179857 61497.1737991367 66158.17024920863
-5.713115638493036 -8.082309863159026 -6.346375594861456 1202.2514603716147 21.79435257553957 63574.29285179857 61497.1737991367 66158.17024920863
13.316361158082145 -6.352049095876282 4.9338910318329 1117.2097986332058 21.79435257553957 63574.29285179857 61497.1737991367 66158.17024920863
13.839568143819633 -6.010837218556844 6.713916337030241 1554.0437369990977 21.79435257553957 63574.29285179857 61497.1737991367 66158.17024920863
6.008382961030293 -7.413135152179166 -2.8392336273391265 761.8216885490864 21.79435257553957 63574.29285179857 61497.1737991367 66158.17024920863
-9.866716027725488 -6.156855015207839 8.014295642336947 1267.2251817725937 21.79435257553957 63574.29285179857 61497.1737991367 66158.17024920863
13.605684713962546 -11.620097108519985 -12.016789561414043 907.732597043146 21.79435257553957 63574.29285179857 61497.1737991367 66158.17024920863
3.940629108605208 10.094307374456548 4.643883392360294 775.8707753128483 21.79435257553957 63574.29285179857 61497.1737991367 66158.17024920863
12.894310837109515 -8.152771775239671 -15.244336883959477 806.8744752078935 21.79435257553957 63574.29285179857 61497.1737991367 66158.17024920863
7.334765932326263 -7.524102021030558 -2.5828967437846586 895.5502859868413 21.79435257553957 63574.29285179857 61497.1737991367 66158.17024920863
13.23441480985639 10.265140484618314 -0.891141543906997 849.6332726719269 21.79435257553957 63574.29285179857 61497.1737991367 66158.17024920863
12.308760421714396 -13.061802899392205 7.743090276271687 1655.9917142780446 21.79435257553957 63574.29285179857 61497.1737991367 66158.17024920863
8.203817582347256 12.599763996513502 10.679785941640148 849.5482317809588 21.79435257553957 63574.29285179857 61497.1737991367 66158.17024920863
-8.280237688064517 17.163688395317877 -3.2834953803103417 1351.7099940330709 21.79435257553957 63574.29285179857 61497.1737991367 66158.17024920863
6.416194163844921 2.9105815273942426 -9.911471646177233 1970.3616836783428 21.79435257553957 63574.29285179857 61497.1737991367 66158.17024920863
8.894218205212383 -4.709403597153141 -16.391087481664727 1220.3377647651425 21.79435257553957 63574.29285179857 61497.1737991367 66158.17024920863
-5.286606067485991 1.5222993337156367 -15.119287664303556 760.6688006877777 21.79435257553957 63574.29285179857 61497.1737991367 66158.17024920863
10.554417223575001 0.4091026531823445 2.820686585473595 2721.953136838107 21.79435257553957 63574.29285179857 61497.1737991367 66158.17024920863
-2.110957594384672 16.367602004313085 1.884310055655078 1247.98572033326 21.79435257553957 63574.29285179857 61497.1737991367 66158.17024920863
-4.5738815516160685 5.813497824776277 -14.555558391453815 1210.196116721378 21.79435257553957 63574.29285179857 61497.1737991367 66158.17024920863
13.952139245069702 -11.487356052661198 -9.823484951557475 3149.9083008100015 21.79435257553957 63574.29285179857 61497.1737991367 66158.17024920863
7.2149725450071855 -4.738775197896757 -13.962401062512072 1233.8208356732102 21.79435257553957 63574.29285179857 61497.1737991367 66158.17024920863
2.999223849728878 6.761296644399408 -11.234100373796537 844.9110073403766 21.79435257553957 63574.29285179857 61497.1737991367 66158.17024920863
7.700577103962132 -12.8350633732407 -9.374747970927274 1021.095136532177 21.79435257553957 63574.29285179857 61497.1737991367 66158.17024920863
-9.88618116259022 12.982079244487977 -13.856706061618752 1535.5082174005126 21.79435257553957 63574.29285179857 61497.1737991367 66158.17024920863
8.724766536390234 -2.4460763421448064 -1.0558194695040584 1340.4545758854752 21.79435257553957 63574.29285179857 61497.1737991367 66158.17024920863
13.800323452203884 5.989173436297278 -6.776189480529865 893.9520432948214 21.79435257553957 63574.29285179857 61497.1737991367 66158.17024920863
-0.23204263708612416 9.98066268114053 -14.851886070056935 864.9663520360823 21.79435257553957 63574.29285179857 61497.1737991367 66158.17024920863
-3.994622362079099 10.638488692304236 -13.187694681575522 833.0058670504553 21.79435257553957 63574.29285179857 61497.1737991367 66158.17024920863
-7.089632567636727 -1.8821471209375886 -17.62837264468544 891.6034700821808 21.79435257553957 63574.29285179857 61497.1737991367 66158.17024920863
