3.707558085647179 9.966335019198596 -17.379194289605948 1055.9975656062177 22.139580117985613 65653.67816332374 63386.618976517995 68294.40483005755
9.736648826758028 0.35713903647410916 -19.125333477233653 970.1668174220777 22.139580117985613 65653.67816332374 63386.618976517995 68294.40483005755
9.972255664790282 6.132215240737423 -18.544005029136315 766.3596366251328 22.139580117985613 65653.67816332374 63386.618976517995 68294.40483005755
-2.028780750086298 2.1683332037209766 0.0034927670494653285 926.6074716097312 22.139580117985613 65653.67816332374 63386.618976517995 68294.40483005755
4.903081715165172 -11.341129573862418 18.089195771026425 945.2799842637285 22.139580117985613 65653.67816332374 63386.618976517995 68294.40483005755
3.5954302097670734 -1.044234436158149 17.579346064376296 781.1180785885824 22.139580117985613 65653.67816332374 63386.618976517995 68294.40483005755
6.762878134773928 10.469393588100502 15.910120824890328 959.9752825286624 22.139580117985613 65653.67816332374 63386.618976517995 68294.40483005755
8.774646581427078 9.239645752495562 -5.158947840638575 755.6703864908256 22.139580117985613 65653.67816332374 63386.618976517995 68294.40483005755
16.964885355890146 -6.443419168819673 3.7915429710701574 941.8579062811818 22.139580117985613 65653.67816332374 63386.618976517995 68294.40483005755
4.010907278468949 10.865858549659606 -9.878633322834503 822.7090417140311 22.139580117985613 65653.67816332374 63386.618976517995 68294.40483005755
7.467501181003172 -4.358954618925054 -3.1190577061352087 876.7222011912819 22.139580117985613 65653.67816332374 63386.618976517995 68294.40483005755
12.401719362984295 0.4010598337117699 -11.052988267256296 785.6723297645887 22.139580117985613 65653.67816332374 63386.618976517995 68294.40483005755
18.551525253264117 -4.41597873106366 -0.5717113067948958 840.8683672201786 22.139580117985613 65653.67816332374 63386.618976517995 68294.40483005755
11.466837632076931 2.0999837211493286 -0.5093712002417305 805.4728333145924 22.139580117985613 65653.67816332374 63386.618976517995 68294.40483005755
12.075735670834547 -3.983846435054147 4.685072668537032 1067.6067432413615 22.139580117985613 65653.67816332374 63386.618976517995 68294.40483005755
4.9963402938738 -6.4114449922781205 -10.209795396847767 828.746691096985 22.139580117985613 65653.67816332374 63386.618976517995 68294.40483005755
18.1604868620052 -0.2646450152460602 -0.4260713404364651 899.0223566498735 22.139580117985613 65653.67816332374 63386.618976517995 68294.40483005755
20.238353410444688 5.268412383018585 5.687099577335175 1115.6204701167856 22.139580117985613 65653.67816332374 63386.618976517995 68294.40483005755
13.891415256337496 1.5147466831840575 7.488375616318081 830.1085902760763 22.139580117985613 65653.67816332374 63386.618976517995 68294.40483005755
14.140492066173465 7.312910126827774 -14.210453835461522 1207.000995189048 22.139580117985613 65653.67816332374 63386.618976517995 68294.40483005755
15.448323667907971 4.190759369324951 6.149881663921406 796.7143705368904 22.139580117985613 65653.67816332374 63386.618976517995 68294.40483005755
14.753092656683293 -2.1533023343072273 -6.662379058034276 763.184062523507 22.139580117985613 65653.67816332374 63386.618976517995 68294.40483005755
13.755809183596284 3.9898166226630565 3.178522177884588 862.8009920155904 22.139580117985613 65653.67816332374 63386.618976517995 68294.40483005755
17.472459722295753 7.7580714887953945 -1.745570166473044 823.7953113236433 22.139580117985613 65653.67816332374 63386.618976517995 68294.40483005755
8.596848364919424 4.0820304053413565 -11.13176305842353 792.537115555114 22.139580117985613 65653.67816332374 63386.618976517995 68294.40483005755
13.15012694208417 8.569743931948324 -9.122541038217605 888.1448636231298 22.139580117985613 65653.67816332374 63386.618976517995 68294.40483005755
17.623199705572915 -5.63220555758744 9.407503735201317 1285.1815888269814 22.139580117985613 65653.67816332374 63386.618976517995 68294.40483005755
20.075284236416337 -6.817511314817239 -3.329125418298645 1194.7418503819842 22.139580117985613 65653.67816332374 63386.618976517995 68294.40483005755
14.929100088760606 2.901459155131306 -10.6062723351788 815.8844761672871 22.139580117985613 65653.67816332374 63386.618976517995 68294.40483005755
6.093966609987547 3.6677044119496713 -11.140332925599068 1219.216704000624 22.139580117985613 65653.67816332374 63386.618976517995 68294.40483005755
9.405527000024449 -0.3554806077881949 -16.920751165846013 2081.4125428123593 22.139580117985613 65653.67816332374 63386.618976517995 68294.40483005755
10.791014310583705 -0.08060659438342554 -0.34254609064373653 974.5329993543256 22.139580117985613 65653.67816332374 63386.618976517995 68294.40483005755
17.41559600101027 -5.990819967097195 7.736817839628202 857.4684011826964 22.139580117985613 65653.67816332374 63386.618976517995 68294.40483005755
16.28685014427174 11.283355691331963 -4.837438592381659 1224.8474314787459 22.139580117985613 65653.67816332374 63386.618976517995 68294.40483005755
5.269180355506251 -0.6613143775539356 -13.428893504446023 1007.5385685165032 22.139580117985613 65653.67816332374 63386.618976517995 68294.40483005755
20.153545481094625 6.873125662699749 3.1913028555281926 896.1137081518859 22.139580117985613 65653.67816332374 63386.618976517995 68294.40483005755
10.754169515552348 15.048006469740358 8.021083161846036 770.7418913797704 22.139580117985613 65653.67816332374 63386.618976517995 68294.40483005755
8.443933038477553 14.041042998753255 11.358199974623858 784.759186411074 22.139580117985613 65653.67816332374 63386.618976517995 68294.40483005755
16.266509600449353 14.6503236350909 -3.256853446844616 1088.5545957176812 22.139580117985613 65653.67816332374 63386.618976517995 68294.40483005755
11.047179530083667 -13.083942659985041 13.678362640712294 1375.2191300022876 22.139580117985613 65653.67816332374 63386.618976517995 68294.40483005755
8.039999799249927 -16.121188996708952 -7.418186821072595 1124.6397438332392 22.139580117985613 65653.67816332374 63386.618976517995 68294.40483005755
6.222996440832503 -8.139826220372925 -4.726658328887424 769.4224461361938 22.139580117985613 65653.67816332374 63386.618976517995 68294.40483005755
9.451115240750369 -12.489313478930853 -13.72181838110555 976.9536094446387 22.139580117985613 65653.67816332374 63386.618976517995 68294.40483005755
4.888952789115137 -12.418109490412462 -10.585064021215658 2673.612269498295 22.139580117985613 65653.67816332374 63386.618976517995 68294.40483005755
14.58175464865053 -11.590050969760341 -0.9089065545413177 802.6799574457924 22.139580117985613 65653.67816332374 63386.618976517995 68294.40483005755
5.9711104074376635 -13.093221762006579 -14.133739263561438 998.0302741722181 22.139580117985613 65653.67816332374 63386.618976517995 68294.40483005755
14.848836767778266 -11.801780147834506 4.840934117586585 793.421195409603 22.139580117985613 65653.67816332374 63386.618976517995 68294.40483005755
4.340802799066296 -12.03770619151328 1.4914345922297798 1114.927696779922 22.139580117985613 65653.67816332374 63386.618976517995 68294.40483005755
15.354808656062232 -13.130716108324123 -0.6052799667959334 774.4222354541705 22.139580117985613 65653.67816332374 63386.618976517995 68294.40483005755
5.635498586110771 -9.193646614447061 5.318402221586439 1049.1906855538994 22.139580117985613 65653.67816332374 63386.618976517995 68294.40483005755
5.199390714071342 -8.032510915021703 -0.5332583739364054 756.2712954107975 22.139580117985613 65653.67816332374 63386.618976517995 68294.40483005755
5.703439358258038 -12.002664136081876 -6.368139943559072 1243.3116076023878 22.139580117985613 65653.67816332374 63386.618976517995 68294.40483005755
3.292613478450221 -14.58104399554577 0.8110116158641176 1107.3818600989637 22.139580117985613 65653.67816332374 63386.618976517995 68294.40483005755
7.0472593174054055 -17.1919973977856 3.3063674911973067 817.7143739498787 22.139580117985613 65653.67816332374 63386.618976517995 68294.40483005755
10.795516336918809 -10.000488062207296 8.079259324993473 826.3237103711285 22.139580117985613 65653.67816332374 63386.618976517995 68294.40483005755
13.604990672654822 -12.020539666198601 9.277655541998683 865.6142242419037 22.139580117985613 65653.67816332374 63386.618976517995 68294.40483005755
7.450498711725231 -11.248337837365398 0.5172216366918292 1295.8881877140104 22.139580117985613 65653.67816332374 63386.618976517995 68294.40483005755
4.828515533939935 -9.254026094407891 9.107535212024231 1364.5702780619185 22.139580117985613 65653.67816332374 63386.618976517995 68294.40483005755
4.849863329684013 -14.209622772861621 0.027118816855363548 1134.694281871783 22.139580117985613 65653.67816332374 63386.618976517995 68294.40483005755
7.431889209590736 -16.94918754952232 11.09442113757541 935.7534476191646 22.139580117985613 65653.67816332374 63386.618976517995 68294.40483005755
17.276994205254596 -12.285930176942202 -3.3469188756280346 777.2337490870444 22.139580117985613 65653.67816332374 63386.618976517995 68294.40483005755
8.885958754151943 -19.03517679163633 -6.527939244580921 1150.9696102228143 22.139580117985613 65653.67816332374 63386.618976517995 68294.40483005755
12.267887086651172 -11.1171739677593 9.624757452038466 821.2619816421877 22.139580117985613 65653.67816332374 63386.618976517995 68294.40483005755
8.888567916525062 -8.02721785078029 3.016809902532259 1208.2037939767993 22.139580117985613 65653.67816332374 63386.618976517995 68294.40483005755
8.09843871043995 -16.12467145840492 -1.4788738285424188 793.474550341999 22.139580117985613 65653.67816332374 63386.618976517995 68294.40483005755
16.71291223242588 -8.448396604631853 -6.721201324675349 1301.7546696893014 22.139580117985613 65653.67816332374 63386.618976517995 68294.40483005755
2.3605565524776466 -0.6244064811107819 8.962103587415186 1064.2451801748718 22.139580117985613 65653.67816332374 63386.618976517995 68294.40483005755
-5.104654312643106 10.153100889343477 -0.1183276636293158 756.9396387689385 22.139580117985613 65653.67816332374 63386.618976517995 68294.40483005755
-8.656975683305063 3.6848863019404234 -3.9372336121596163 1561.6911745298228 22.139580117985613 65653.67816332374 63386.618976517995 68294.40483005755
-3.2756797909969464 9.289304301841184 -1.5308290022658184 970.1187482411149 22.139580117985613 65653.67816332374 63386.618976517995 68294.40483005755
-15.107685532668256 4.4228627124321065 2.9795852121460484 2770.7212939644605 22.139580117985613 65653.67816332374 63386.618976517995 68294.40483005755
-16.312098301801598 5.119299121965014 1.3336858761758776 1866.7925304494552 22.139580117985613 65653.67816332374 63386.618976517995 68294.40483005755
-4.796727815119084 13.211017400906712 9.046182861493435 1189.6231623185959 22.139580117985613 65653.67816332374 63386.618976517995 68294.40483005755
-1.2623155819019303 7.485322085747612 4.411837651161477 768.5264131598004 22.139580117985613 65653.67816332374 63386.618976517995 68294.40483005755
-5.1362659600999905 15.680101448189816 3.2707774652226362 1554.1317333673815 22.139580117985613 65653.67816332374 63386.618976517995 68294.40483005755
-9.492726646640222 16.51385553815635 10.690165030086064 1351.9518644353911 22.139580117985613 65653.67816332374 63386.618976517995 68294.40483005755
-9.518224509636639 -1.645195585071633 18.977984114579158 805.5144561475947 22.139580117985613 65653.67816332374 63386.618976517995 68294.40483005755
-8.839106344952597 8.005164887181309 17.189294925527065 836.6474448214068 22.139580117985613 65653.67816332374 63386.618976517995 68294.40483005755
-10.081057919494924 7.459218601623434 16.25265995968948 920.8134874145072 22.139580117985613 65653.67816332374 63386.618976517995 68294.40483005755
-1.6880363369418774 -3.668738783344452 18.34825732941681 824.60947411397 22.139580117985613 65653.67816332374 63386.618976517995 68294.40483005755
-3.625436249873019 -3.146609564581013 17.4408011722262 1859.7845516368027 22.139580117985613 65653.67816332374 63386.618976517995 68294.40483005755
1.4961917120963335 -4.329964082397055 -14.852555920559098 1288.4300330978322 22.139580117985613 65653.67816332374 63386.618976517995 68294.40483005755
1.9801166169490898 -4.771739695497672 -13.147831327427411 814.0741233073153 22.139580117985613 65653.67816332374 63386.618976517995 68294.40483005755
0.37530540746229235 -13.657042034086771 -9.72433865077619 764.4864936518838 22.139580117985613 65653.67816332374 63386.618976517995 68294.40483005755
-11.825586002960335 -13.39365286155953 8.703260456226417 850.766911488584 22.139580117985613 65653.67816332374 63386.618976517995 68294.40483005755
-0.08296924634487368 -16.12309512538195 11.701006441187928 771.9297925471841 22.139580117985613 65653.67816332374 63386.618976517995 68294.40483005755
-2.830627029281459 -15.389938467778848 14.394025250614504 775.116172466757 22.139580117985613 65653.67816332374 63386.618976517995 68294.40483005755
-0.5940148077206686 -6.841120779310586 3.718842784757726 1012.6092757472985 22.139580117985613 65653.67816332374 63386.618976517995 68294.40483005755
-1.3431255759642227 -6.37800701388187 -3.8535006654565223 851.757173577911 22.139580117985613 65653.67816332374 63386.618976517995 68294.40483005755
-9.05259473026672 -9.22173774667317 2.520492130643106 2303.098043140624 22.139580117985613 65653.67816332374 63386.618976517995 68294.40483005755
2.022233905023313 -13.537399174565508 0.27915887514245696 849.4498549828647 22.139580117985613 65653.67816332374 63386.618976517995 68294.40483005755
-9.159632193870493 -13.119301141930919 0.4727244905225234 791.3756947499479 22.139580117985613 65653.67816332374 63386.618976517995 68294.40483005755
-6.376849532171036 -11.635063228124636 2.556176937694545 792.954692496084 22.139580117985613 65653.67816332374 63386.618976517995 68294.40483005755
-9.707412358780857 -13.01917906448216 1.3886211319477297 790.0657687426632 22.139580117985613 65653.67816332374 63386.618976517995 68294.40483005755
-1.9115022243349813 -9.266533346766664 7.942494251677999 935.842657675183 22.139580117985613 65653.67816332374 63386.618976517995 68294.40483005755
-8.11589692781854 6.542692159026046 -19.491255080283736 1088.4622265922599 22.139580117985613 65653.67816332374 63386.618976517995 68294.40483005755
-2.483638805002556 -6.8714996959024575 -18.196756994584575 964.9753577699054 22.139580117985613 65653.67816332374 63386.618976517995 68294.40483005755
