-0.0874237667012494 -0.09363785333698615 -0.03792622134642443 1864.933500582658 6.713205631079138 43327.06652477697 42367.72983228776 44554.18556995683 60811945.0
-0.08894003515888471 -0.09785057965200394 -0.0394438298753812 1847.2554096123386 6.713205631079138 43327.06652477697 42367.72983228776 44554.18556995683 60811974.0
-0.09017003397457302 -0.10156873276719125 -0.0408186055283295 1836.4550134333858 6.713205631079138 43327.06652477697 42367.72983228776 44554.18556995683 60812003.0
-0.0211325211203075 -0.09088314048858592 -0.052471433038590476 2343.595111453809 6.713205631079138 43327.06652477697 42367.72983228776 44554.18556995683 60814361.0
-0.022305712336674333 -0.09495890929974848 -0.052519427066727076 2337.5783794565446 6.713205631079138 43327.06652477697 42367.72983228776 44554.18556995683 60814401.0
-0.023332375443715136 -0.0988059169249027 -0.05261573513416806 2333.4518111095767 6.713205631079138 43327.06652477697 42367.72983228776 44554.18556995683 60814441.0
-0.024437125233816914 -0.10330348095158115 -0.052781324709940236 2274.9600015750534 6.713205631079138 43327.06652477697 42367.72983228776 44554.18556995683 60814479.0
-0.025358360362588428 -0.1073885912555852 -0.052975343191064894 2272.3456719401647 6.713205631079138 43327.06652477697 42367.72983228776 44554.18556995683 60814512.0
-0.026373690845503006 -0.11233899011858739 -0.05325669471494621 2216.2683657471694 6.713205631079138 43327.06652477697 42367.72983228776 44554.18556995683 60814543.0
-0.02717601090989774 -0.11667703031707788 -0.05354037192591932 2215.479155700914 6.713205631079138 43327.06652477697 42367.72983228776 44554.18556995683 60814572.0
-0.028097421396523714 -0.12233651073620422 -0.053950761386658996 2160.497954714794 6.713205631079138 43327.06652477697 42367.72983228776 44554.18556995683 60814601.0
-0.028840042687079404 -0.1276355905138189 -0.054372387239709496 2155.9774390345815 6.713205631079138 43327.06652477697 42367.72983228776 44554.18556995683 60814629.0
-0.029405478009721264 -0.13233418713207357 -0.054771107228589244 2122.426631133011 6.713205631079138 43327.06652477697 42367.72983228776 44554.18556995683 60814659.0
-0.030050410925468896 -0.13886309960798826 -0.05535842152312398 2107.262918303798 6.713205631079138 43327.06652477697 42367.72983228776 44554.18556995683 60814688.0
-0.030432591447606683 -0.14381720094388584 -0.055827288480941206 2079.6592182957374 6.713205631079138 43327.06652477697 42367.72983228776 44554.18556995683 60814717.0
-0.03055332094663754 -0.14572485631651944 -0.05601265941368183 782.7229496210308 6.713205631079138 43327.06652477697 42367.72983228776 44554.18556995683 60814746.0
-0.03083632641209988 -0.15151370203966508 -0.056588813138660043 2058.683089229361 6.713205631079138 43327.06652477697 42367.72983228776 44554.18556995683 60814748.0
-0.03098166239942657 -0.15687229914328782 -0.05714065914071398 2058.9293498456846 6.713205631079138 43327.06652477697 42367.72983228776 44554.18556995683 60814778.0
-0.031004023265268188 -0.1589743308868492 -0.057360958417120855 783.5885989256973 6.713205631079138 43327.06652477697 42367.72983228776 44554.18556995683 60814807.0
-0.03098492871504277 -0.16445523431320908 -0.05794721694110194 2007.7511946695852 6.713205631079138 43327.06652477697 42367.72983228776 44554.18556995683 60814809.0
-0.03083669209445361 -0.17010121174098458 -0.05856833382858895 2008.6267738003032 6.713205631079138 43327.06652477697 42367.72983228776 44554.18556995683 60814837.0
-0.03047591372160241 -0.1768539472031989 -0.059334497833333444 1968.370728986373 6.713205631079138 43327.06652477697 42367.72983228776 44554.18556995683 60814866.0
-0.030011565519089345 -0.18261128761514556 -0.06001374815241434 1969.4374986600626 6.713205631079138 43327.06652477697 42367.72983228776 44554.18556995683 60814895.0
-0.02977550793730188 -0.1849534097345895 -0.06029755435883999 796.3880605052102 6.713205631079138 43327.06652477697 42367.72983228776 44554.18556995683 60814924.0
0.005119758658111095 -0.005335533969628159 0.058956274202500936 1971.6675073453546 6.713205631079138 43327.06652477697 42367.72983228776 44554.18556995683 60861436.0
0.005825776177516673 -0.0016219091266975738 0.059170984066440724 1983.2106411854754 6.713205631079138 43327.06652477697 42367.72983228776 44554.18556995683 60861449.0
0.006346276102703996 0.001240475867234636 0.05934091731614899 1128.2383193025255 6.713205631079138 43327.06652477697 42367.72983228776 44554.18556995683 60861460.0
0.0069989181065466255 0.005021651079005096 0.05957469404529547 1996.8193558938094 6.713205631079138 43327.06652477697 42367.72983228776 44554.18556995683 60861464.0
0.007618596806423739 0.008840776994475164 0.059819066620548256 2003.6639846731794 6.713205631079138 43327.06652477697 42367.72983228776 44554.18556995683 60861476.0
0.00830344446876552 0.01338265586673515 0.060126526368549094 2008.2877291423092 6.713205631079138 43327.06652477697 42367.72983228776 44554.18556995683 60861489.0
0.008842093222483527 0.01727129303617403 0.06039970345591428 2011.2812453797624 6.713205631079138 43327.06652477697 42367.72983228776 44554.18556995683 60861502.0
0.00941969620907912 0.021837120584677905 0.06073789409856545 2011.6572246588423 6.713205631079138 43327.06652477697 42367.72983228776 44554.18556995683 60861516.0
0.009868154491414316 0.02577549260604428 0.06104041141225025 2010.0263599719096 6.713205631079138 43327.06652477697 42367.72983228776 44554.18556995683 60861529.0
0.010163564395043068 0.028623044745472725 0.061268496174307074 1107.4113257040578 6.713205631079138 43327.06652477697 42367.72983228776 44554.18556995683 60861541.0
0.01053245110961143 0.032578539598034695 0.061593846963660326 1999.0046692973492 6.713205631079138 43327.06652477697 42367.72983228776 44554.18556995683 60861545.0
0.010852628263819497 0.03653900856443215 0.06193528180301655 1990.9783804973026 6.713205631079138 43327.06652477697 42367.72983228776 44554.18556995683 60861559.0
0.011171594967890996 0.04126061547140125 0.06236002268269658 1977.6179909124962 6.713205631079138 43327.06652477697 42367.72983228776 44554.18556995683 60861573.0
0.011384461460693274 0.04521182898315601 0.06273226800112752 1966.328659802373 6.713205631079138 43327.06652477697 42367.72983228776 44554.18556995683 60861586.0
0.011525431480549742 0.04855541793949669 0.06305875593534438 1216.8412412538776 6.713205631079138 43327.06652477697 42367.72983228776 44554.18556995683 60861598.0
0.011643552781606559 0.05248336163640488 0.06345577530009905 1940.9936126053817 6.713205631079138 43327.06652477697 42367.72983228776 44554.18556995683 60861603.0
0.011690099148836453 0.054883553108084016 0.0637068884971086 1183.9430932294854 6.713205631079138 43327.06652477697 42367.72983228776 44554.18556995683 60861614.0
0.01172296058939537 0.05878576630493626 0.06412471833027666 1920.1144637485104 6.713205631079138 43327.06652477697 42367.72983228776 44554.18556995683 60861618.0
0.011701402225298807 0.06267148693586932 0.06455682598607382 1909.4757661205695 6.713205631079138 43327.06652477697 42367.72983228776 44554.18556995683 60861631.0
0.011589112938963808 0.06770727973344037 0.06513999863818754 1896.2609055152225 6.713205631079138 43327.06652477697 42367.72983228776 44554.18556995683 60861645.0
0.011437063847552054 0.07154905172501458 0.06560340064606862 1888.7345246675832 6.713205631079138 43327.06652477697 42367.72983228776 44554.18556995683 60861658.0
0.01126178741833428 0.07478241312492173 0.06600674282526597 959.6508391200751 6.713205631079138 43327.06652477697 42367.72983228776 44554.18556995683 60861670.0
0.01099823819095036 0.0785795321353362 0.06649504972301656 1876.0652276909111 6.713205631079138 43327.06652477697 42367.72983228776 44554.18556995683 60861673.0
0.010671769239706919 0.08235105239145923 0.06699840255896561 1871.785186858207 6.713205631079138 43327.06652477697 42367.72983228776 44554.18556995683 60861687.0
0.01011912447575014 0.08744608289271127 0.06770488564507104 1867.3767055024343 6.713205631079138 43327.06652477697 42367.72983228776 44554.18556995683 60861701.0
0.009631567256292328 0.09113984352734406 0.06823997579340357 1866.1037292213498 6.713205631079138 43327.06652477697 42367.72983228776 44554.18556995683 60861713.0
0.009162541886325926 0.09422807842929615 0.0687014295544941 876.9193933754116 6.713205631079138 43327.06652477697 42367.72983228776 44554.18556995683 60861724.0
0.008537360568880104 0.09783321494614938 0.06925991359457839 1863.7701179967605 6.713205631079138 43327.06652477697 42367.72983228776 44554.18556995683 60861727.0
0.007831195325707085 0.10138292944611749 0.069828986612265 1864.5015997165165 6.713205631079138 43327.06652477697 42367.72983228776 44554.18556995683 60861739.0
0.00697429668798577 0.10512910637044115 0.07043740928929765 1245.2435851527848 6.713205631079138 43327.06652477697 42367.72983228776 44554.18556995683 60861750.0
0.006050653370039072 0.10865877527248813 0.07102835174737265 1865.525366656462 6.713205631079138 43327.06652477697 42367.72983228776 44554.18556995683 60861757.0
-0.10131264239316806 -0.09325717602769146 -0.1548904426090303 2174.5470991544826 6.713205631079138 43327.06652477697 42367.72983228776 44554.18556995683 60878883.0
-0.10190510108805029 -0.09763728948746575 -0.15477514101803536 2156.0623015856554 6.713205631079138 43327.06652477697 42367.72983228776 44554.18556995683 60878902.0
-0.10225821915810229 -0.1003011953944224 -0.15472646773559973 1294.6184182284326 6.713205631079138 43327.06652477697 42367.72983228776 44554.18556995683 60878920.0
-0.10283276338304859 -0.1047588838118827 -0.15468238084577024 2136.3952420656037 6.713205631079138 43327.06652477697 42367.72983228776 44554.18556995683 60878925.0
-0.10315127299691085 -0.1072851310891565 -0.15467655550310155 1195.2688704935513 6.713205631079138 43327.06652477697 42367.72983228776 44554.18556995683 60878944.0
-0.10371127320104279 -0.11183713311038446 -0.15470194607769372 2123.011227743047 6.713205631079138 43327.06652477697 42367.72983228776 44554.18556995683 60878949.0
-0.1042615652695531 -0.11647475360950921 -0.15477399211522425 2123.155059743027 6.713205631079138 43327.06652477697 42367.72983228776 44554.18556995683 60878968.0
-0.10454774291429203 -0.11894539665809134 -0.15482896558387438 1115.8027985994377 6.713205631079138 43327.06652477697 42367.72983228776 44554.18556995683 60878988.0
-0.10508060942811426 -0.12367425653792452 -0.15496952421381138 2103.391624787448 6.713205631079138 43327.06652477697 42367.72983228776 44554.18556995683 60878992.0
-0.1056013133347733 -0.1284711175467237 -0.15515603542735334 2092.4333479462675 6.713205631079138 43327.06652477697 42367.72983228776 44554.18556995683 60879012.0
-0.10583816580037819 -0.1307100092381006 -0.1552565463789506 962.7682766322549 6.713205631079138 43327.06652477697 42367.72983228776 44554.18556995683 60879033.0
-0.10623862575448584 -0.13459187453554478 -0.15545242043299368 1647.2308258773662 6.713205631079138 43327.06652477697 42367.72983228776 44554.18556995683 60879036.0
-0.10674033250688808 -0.13964876098179957 -0.1557496938694385 2103.9444398406454 6.713205631079138 43327.06652477697 42367.72983228776 44554.18556995683 60879050.0
-0.10723812644573627 -0.14487425523839192 -0.1560974334643106 2125.5362278140783 6.713205631079138 43327.06652477697 42367.72983228776 44554.18556995683 60879071.0
-0.10742943141667638 -0.14694105915987166 -0.1562467491166899 827.6280632814738 6.713205631079138 43327.06652477697 42367.72983228776 44554.18556995683 60879091.0
-0.10791577397321817 -0.15238024436985143 -0.15667306019895477 2140.434480605521 6.713205631079138 43327.06652477697 42367.72983228776 44554.18556995683 60879094.0
-0.10839725706318859 -0.15801357476448175 -0.1571550638836925 2163.992308240199 6.713205631079138 43327.06652477697 42367.72983228776 44554.18556995683 60879115.0
-0.10897697569453157 -0.16517999907955527 -0.157832085431437 1890.8903269816701 6.713205631079138 43327.06652477697 42367.72983228776 44554.18556995683 60879136.0
-0.1094398223576718 -0.17124167240399402 -0.15845217155583669 2197.8216245808085 6.713205631079138 43327.06652477697 42367.72983228776 44554.18556995683 60879154.0
-0.10999348853511037 -0.17893013997672824 -0.15930214231775608 2210.422575725789 6.713205631079138 43327.06652477697 42367.72983228776 44554.18556995683 60879179.0
-0.1104290734656388 -0.18543149039760465 -0.16007762677327264 2199.364287490244 6.713205631079138 43327.06652477697 42367.72983228776 44554.18556995683 60879202.0
-0.11094581209908938 -0.19396142867481103 -0.1612011089018779 2177.168611293384 6.713205631079138 43327.06652477697 42367.72983228776 44554.18556995683 60879225.0
-0.11133720375801204 -0.2010812470180099 -0.16220764318859437 2173.1395509827166 6.713205631079138 43327.06652477697 42367.72983228776 44554.18556995683 60879246.0
-0.11176319743390195 -0.20968931596144103 -0.16350664734636666 1974.5868932109163 6.713205631079138 43327.06652477697 42367.72983228776 44554.18556995683 60879268.0
-0.1121258585335454 -0.21762146861874498 -0.16474486743391026 2219.865696886159 6.713205631079138 43327.06652477697 42367.72983228776 44554.18556995683 60879285.0
-0.11247714573255507 -0.22582337665517116 -0.166055881549255 2224.5662637133855 6.713205631079138 43327.06652477697 42367.72983228776 44554.18556995683 60879307.0
-0.11288335995777743 -0.23607960383378668 -0.16772870337445056 2221.7362984830957 6.713205631079138 43327.06652477697 42367.72983228776 44554.18556995683 60879332.0
-0.07373439234652324 -0.1498328975358163 -0.22057476436748402 1913.2753588840876 6.713205631079138 43327.06652477697 42367.72983228776 44554.18556995683 60882944.0
-0.07428942447586451 -0.15518266444996698 -0.22075029290135717 2080.8683658087148 6.713205631079138 43327.06652477697 42367.72983228776 44554.18556995683 60882953.0
-0.07484881387063069 -0.1607642022499931 -0.22095830008765915 2140.304781128415 6.713205631079138 43327.06652477697 42367.72983228776 44554.18556995683 60882963.0
-0.07562248361500679 -0.16874840475065866 -0.22129338913509855 2171.986841377423 6.713205631079138 43327.06652477697 42367.72983228776 44554.18556995683 60882974.0
-0.07616731708549196 -0.17462428525323048 -0.22157223467365839 2174.381183427594 6.713205631079138 43327.06652477697 42367.72983228776 44554.18556995683 60882985.0
