-0.055989540451264475 -0.016687376468325965 -0.05562951532920124 1864.388577175058 6.772058891223022 43465.67537697842 42495.04544361151 44702.65562438849 60811945.0
-0.054761133331339806 -0.020566796738421544 -0.055948162415006664 1846.6961732560846 6.772058891223022 43465.67537697842 42495.04544361151 44702.65562438849 60811974.0
-0.053505830524954945 -0.02429358106746804 -0.056235000207379926 1835.8789204420075 6.772058891223022 43465.67537697842 42495.04544361151 44702.65562438849 60812003.0
0.010691594710806385 -0.017178653419250622 -0.056058309302898124 2343.3267648820724 6.772058891223022 43465.67537697842 42495.04544361151 44702.65562438849 60814361.0
0.011162883529323153 -0.019527121301507577 -0.055943766339623835 2337.302627554712 6.772058891223022 43465.67537697842 42495.04544361151 44702.65562438849 60814401.0
0.011757856009353418 -0.02206757631211076 -0.055888845745357685 2333.1688377308205 6.772058891223022 43465.67537697842 42495.04544361151 44702.65562438849 60814441.0
0.012618794899026398 -0.025421135891519953 -0.05587901873514056 2274.6772288798566 6.772058891223022 43465.67537697842 42495.04544361151 44702.65562438849 60814479.0
0.013536207210563589 -0.028812284392188303 -0.055912136973347515 2272.0548544047742 6.772058891223022 43465.67537697842 42495.04544361151 44702.65562438849 60814512.0
0.014800106939219404 -0.033341250229568686 -0.055993860769376624 2215.9759249497997 6.772058891223022 43465.67537697842 42495.04544361151 44702.65562438849 60814543.0
0.01602916217962047 -0.03767124541627709 -0.056095865213137586 2215.178368152984 6.772058891223022 43465.67537697842 42495.04544361151 44702.65562438849 60814572.0
0.017784834242775105 -0.04379847311065532 -0.056259809134644456 2160.1946679736934 6.772058891223022 43465.67537697842 42495.04544361151 44702.65562438849 60814601.0
0.01956167574826395 -0.05000001114240149 -0.05643478464480722 2155.66501951557 6.772058891223022 43465.67537697842 42495.04544361151 44702.65562438849 60814629.0
0.02122967156174127 -0.05585291278111981 -0.05659920591278933 2122.111050285768 6.772058891223022 43465.67537697842 42495.04544361151 44702.65562438849 60814659.0
0.02367006123677129 -0.06450080098875333 -0.05683036633126903 2106.937773926807 6.772058891223022 43465.67537697842 42495.04544361151 44702.65562438849 60814688.0
0.025601190121960826 -0.07143474144686479 -0.05699974428716814 2079.3295661351735 6.772058891223022 43465.67537697842 42495.04544361151 44702.65562438849 60814717.0
0.026363080942246597 -0.07418454242724692 -0.05706294294213876 782.6399679937847 6.772058891223022 43465.67537697842 42495.04544361151 44702.65562438849 60814746.0
0.02872720554296393 -0.08277770093263825 -0.05723603323713178 2058.3402114061932 6.772058891223022 43465.67537697842 42495.04544361151 44702.65562438849 60814748.0
0.030983212731371168 -0.0910411059303442 -0.05736904591321945 2058.5742356416727 6.772058891223022 43465.67537697842 42495.04544361151 44702.65562438849 60814778.0
0.03188715734722791 -0.09435550087073352 -0.05741334929189179 783.496276509264 6.772058891223022 43465.67537697842 42495.04544361151 44702.65562438849 60814807.0
0.034272614466317464 -0.10318611623370089 -0.057503577874740586 2007.3878116865258 6.772058891223022 43465.67537697842 42495.04544361151 44702.65562438849 60814809.0
0.0367752250895137 -0.1125328940252075 -0.057553121499950066 2008.2501918598753 6.772058891223022 43465.67537697842 42495.04544361151 44702.65562438849 60814837.0
0.039820983620302286 -0.12398651365219848 -0.05754611066367943 1967.9869024081333 6.772058891223022 43465.67537697842 42495.04544361151 44702.65562438849 60814866.0
0.042446249673957936 -0.1339521728878026 -0.05747023892035941 1969.041273687299 6.772058891223022 43465.67537697842 42495.04544361151 44702.65562438849 60814895.0
0.043525104942091275 -0.13804690481629223 -0.05741967546782689 796.2637913971536 6.772058891223022 43465.67537697842 42495.04544361151 44702.65562438849 60814924.0
0.013364313206693623 0.01662055622728076 0.008347888324351516 1957.8461282527956 6.772058891223022 43465.67537697842 42495.04544361151 44702.65562438849 60861436.0
0.014040869733435102 0.01889218825090211 0.008505399076966569 1969.3094662829114 6.772058891223022 43465.67537697842 42495.04544361151 44702.65562438849 60861449.0
0.014510229593724944 0.020705482311313972 0.008627325340057723 1120.3583268967086 6.772058891223022 43465.67537697842 42495.04544361151 44702.65562438849 60861460.0
0.015054108320327941 0.023186922757304274 0.00879070093651535 1982.829251073958 6.772058891223022 43465.67537697842 42495.04544361151 44702.65562438849 60861464.0
0.015514980441366788 0.025802406737057026 0.008957655380072538 1989.6201976989405 6.772058891223022 43465.67537697842 42495.04544361151 44702.65562438849 60861476.0
0.015941586774715688 0.02906734074349515 0.009164887545921374 1994.2082603783479 6.772058891223022 43465.67537697842 42495.04544361151 44702.65562438849 60861489.0
0.016197917801036965 0.03200334995199228 0.009346595732495189 1997.183060768158 6.772058891223022 43465.67537697842 42495.04544361151 44702.65562438849 60861502.0
0.016364689501642715 0.035628119818284176 0.009569922171067446 1997.570790881292 6.772058891223022 43465.67537697842 42495.04544361151 44702.65562438849 60861516.0
0.01638890538015403 0.038913197502552066 0.009768900548806414 1995.9667639313898 6.772058891223022 43465.67537697842 42495.04544361151 44702.65562438849 60861529.0
0.016333819570718333 0.04138664007768966 0.009919240677845664 1099.708556914907 6.772058891223022 43465.67537697842 42495.04544361151 44702.65562438849 60861541.0
0.01615388488426106 0.04495718172256602 0.010133549803867936 1985.058381216126 6.772058891223022 43465.67537697842 42495.04544361151 44702.65562438849 60861545.0
0.015847411363210995 0.04869776095438283 0.010359570936998352 1977.1106289380427 6.772058891223022 43465.67537697842 42495.04544361151 44702.65562438849 60861559.0
0.015313647847506218 0.05337534237332875 0.010642916342476383 1963.873896832261 6.772058891223022 43465.67537697842 42495.04544361151 44702.65562438849 60861573.0
0.014719845916260965 0.057476325368043035 0.010893596227106173 1952.6855653592893 6.772058891223022 43465.67537697842 42495.04544361151 44702.65562438849 60861586.0
0.01410856894653989 0.061080917963408865 0.011115813300420996 1208.4299944194977 6.772058891223022 43465.67537697842 42495.04544361151 44702.65562438849 60861598.0
0.013259197410661727 0.06546805024845526 0.011388052240363322 1927.537463967001 6.772058891223022 43465.67537697842 42495.04544361151 44702.65562438849 60861603.0
0.012667020826484077 0.06823214204632677 0.011562039006093983 1175.765012264226 6.772058891223022 43465.67537697842 42495.04544361151 44702.65562438849 60861614.0
0.011584045365452766 0.07285533023969037 0.011853505493490957 1906.80502831131 6.772058891223022 43465.67537697842 42495.04544361151 44702.65562438849 60861618.0
0.010350209566240665 0.07761643235426163 0.012158223311416805 1896.241419759938 6.772058891223022 43465.67537697842 42495.04544361151 44702.65562438849 60861631.0
0.008508874452672899 0.0840112437508651 0.012573812775372062 1883.1217271279347 6.772058891223022 43465.67537697842 42495.04544361151 44702.65562438849 60861645.0
0.006910035401233472 0.0890511275283643 0.01290737231465755 1875.6517061902343 6.772058891223022 43465.67537697842 42495.04544361151 44702.65562438849 60861658.0
0.005425578230642714 0.0933948354650056 0.013200038978538942 953.030105387626 6.772058891223022 43465.67537697842 42495.04544361151 44702.65562438849 60861670.0
0.0035135904035996646 0.09860156427748734 0.013557225465774536 1863.056098425587 6.772058891223022 43465.67537697842 42495.04544361151 44702.65562438849 60861673.0
0.0014235074995667674 0.10387165879365057 0.013927468397014309 1858.762232045673 6.772058891223022 43465.67537697842 42495.04544361151 44702.65562438849 60861687.0
-0.0017246682400582358 0.11111703060305445 0.014452085648372304 1854.316175655697 6.772058891223022 43465.67537697842 42495.04544361151 44702.65562438849 60861701.0
-0.004262005480995867 0.11643042771902401 0.014851743406325113 1852.9917330443227 6.772058891223022 43465.67537697842 42495.04544361151 44702.65562438849 60861713.0
-0.006562340771779418 0.12088840013166191 0.015198188550129998 870.751288736333 6.772058891223022 43465.67537697842 42495.04544361151 44702.65562438849 60861724.0
-0.009476568207901437 0.12608356064447435 0.015618310935678892 1850.5508725010877 6.772058891223022 43465.67537697842 42495.04544361151 44702.65562438849 60861727.0
-0.012610878773557488 0.13115144421317382 0.01604767274693586 1851.1973022997572 6.772058891223022 43465.67537697842 42495.04544361151 44702.65562438849 60861739.0
-0.01621478865854442 0.1363689265854191 0.01649228177848272 1236.3083218534266 6.772058891223022 43465.67537697842 42495.04544361151 44702.65562438849 60861750.0
-0.019941311460570432 0.14111276980111143 0.016917905770242214 1852.0487595461739 6.772058891223022 43465.67537697842 42495.04544361151 44702.65562438849 60861757.0
0.05100091920030536 -0.06940806507191155 -0.12020852754358202 2015.1429971022408 6.772058891223022 43465.67537697842 42495.04544361151 44702.65562438849 60878883.0
0.05316152719751699 -0.07479118317132816 -0.11989557866763789 1997.5528683960038 6.772058891223022 43465.67537697842 42495.04544361151 44702.65562438849 60878902.0
0.05454351840307936 -0.07813080336927669 -0.11969247466186062 1199.1977451666144 6.772058891223022 43465.67537697842 42495.04544361151 44702.65562438849 60878920.0
0.05697503693954786 -0.08382979015004821 -0.11933178937761113 1978.5943508303637 6.772058891223022 43465.67537697842 42495.04544361151 44702.65562438849 60878925.0
0.05841158086695941 -0.08711903412040556 -0.11911231042904546 1106.7726969996875 6.772058891223022 43465.67537697842 42495.04544361151 44702.65562438849 60878944.0
0.06110560335946502 -0.09315092983160866 -0.11868721355131129 1965.4051885419253 6.772058891223022 43465.67537697842 42495.04544361151 44702.65562438849 60878949.0
0.06398376290599117 -0.09943019050115254 -0.1182124448241666 1964.9692161243593 6.772058891223022 43465.67537697842 42495.04544361151 44702.65562438849 60878968.0
0.06556439633277478 -0.10282587943947874 -0.1179388615055359 1032.437040815723 6.772058891223022 43465.67537697842 42495.04544361151 44702.65562438849 60878988.0
0.06868322230002377 -0.10941767914482625 -0.11737276455096435 1945.8508253348384 6.772058891223022 43465.67537697842 42495.04544361151 44702.65562438849 60878992.0
0.07196288399427431 -0.11621779977576807 -0.11673675833299058 1935.1634018341076 6.772058891223022 43465.67537697842 42495.04544361151 44702.65562438849 60879012.0
0.0735287010538741 -0.11942546467616921 -0.11641622623574222 890.2099366892359 6.772058891223022 43465.67537697842 42495.04544361151 44702.65562438849 60879033.0
0.0762955311438418 -0.125032942276448 -0.11582200241537066 1522.754990829079 6.772058891223022 43465.67537697842 42495.04544361151 44702.65562438849 60879036.0
0.07999528355139773 -0.13241124922933523 -0.11497179248544853 1944.257178444737 6.772058891223022 43465.67537697842 42495.04544361151 44702.65562438849 60879050.0
0.08391281247895677 -0.14009845963300904 -0.11399172285746317 1963.2166125703243 6.772058891223022 43465.67537697842 42495.04544361151 44702.65562438849 60879071.0
0.08548861628514715 -0.14315216790419072 -0.11357527333166217 764.1447524926994 6.772058891223022 43465.67537697842 42495.04544361151 44702.65562438849 60879091.0
0.08970026166934986 -0.15120312646467937 -0.11239337290317053 1975.5429132188267 6.772058891223022 43465.67537697842 42495.04544361151 44702.65562438849 60879094.0
0.09414997143903747 -0.1595371590810828 -0.11102940684213536 1996.2111482061234 6.772058891223022 43465.67537697842 42495.04544361151 44702.65562438849 60879115.0
0.09993697029130999 -0.17007187276612967 -0.10907609052810585 1743.0152158707976 6.772058891223022 43465.67537697842 42495.04544361151 44702.65562438849 60879136.0
0.10493153784773313 -0.17886320452817017 -0.10721539762744214 2024.830212485855 6.772058891223022 43465.67537697842 42495.04544361151 44702.65562438849 60879154.0
0.1113903714431217 -0.1897691270132782 -0.10456348140724003 2034.912035148566 6.772058891223022 43465.67537697842 42495.04544361151 44702.65562438849 60879179.0
0.11696656890126178 -0.19870437316421885 -0.10204607133346144 2023.4398558987357 6.772058891223022 43465.67537697842 42495.04544361151 44702.65562438849 60879202.0
0.12447783831885317 -0.2099133461888414 -0.0983335418641218 2001.4334036957196 6.772058891223022 43465.67537697842 42495.04544361151 44702.65562438849 60879225.0
0.13088970003445866 -0.21870190089248354 -0.09486182643013308 1996.5979672243557 6.772058891223022 43465.67537697842 42495.04544361151 44702.65562438849 60879246.0
0.13881924650195288 -0.22848413189785788 -0.09018782286875648 1812.9941098667214 6.772058891223022 43465.67537697842 42495.04544361151 44702.65562438849 60879268.0
0.1462454599168268 -0.23652654991019517 -0.08542300402768888 2037.1162959347298 6.772058891223022 43465.67537697842 42495.04544361151 44702.65562438849 60879285.0
0.15402358977735275 -0.2437151229896699 -0.08004341349442257 2040.257002562655 6.772058891223022 43465.67537697842 42495.04544361151 44702.65562438849 60879307.0
0.16389192278438713 -0.25088913743093144 -0.07266325364616932 2036.1876464863155 6.772058891223022 43465.67537697842 42495.04544361151 44702.65562438849 60879332.0
0.24343130342458608 -0.1580031715784571 -0.06616744065104285 1696.3350139353033 6.772058891223022 43465.67537697842 42495.04544361151 44702.65562438849 60882944.0
0.24701503658434376 -0.16245882440853165 -0.0628810983907897 1844.3124119125584 6.772058891223022 43465.67537697842 42495.04544361151 44702.65562438849 60882953.0
0.25083042430196656 -0.16676242442190414 -0.059265663046971895 1896.3410858196828 6.772058891223022 43465.67537697842 42495.04544361151 44702.65562438849 60882963.0
0.2564037162446766 -0.1722413881943794 -0.053767601486470085 1923.5163185562596 6.772058891223022 43465.67537697842 42495.04544361151 44702.65562438849 60882974.0
0.26058798548911 -0.17571309296181425 -0.0494768278367701 1924.9508137311022 6.772058891223022 43465.67537697842 42495.04544361151 44702.65562438849 60882985.0
