-5.893485503424017 -1.0604889352471218 0.5982882045500446 1202.2514616697483 21.904021053237415 64089.37564647482 61966.56204353958 66689.16123214389
6.363015080547484 -0.3349509466861491 4.137293041436351 895.5502866851688 21.904021053237415 64089.37564647482 61966.56204353958 66689.16123214389
2.6531008774909424 5.469767859452986 2.840810671041254 808.3813655446943 21.904021053237415 64089.37564647482 61966.56204353958 66689.16123214389
12.145862256475084 -2.4607630528334994 0.5857019821414724 751.3493110261708 21.904021053237415 64089.37564647482 61966.56204353958 66689.16123214389
11.864562989998376 -0.8035314311637194 13.54185523504566 1117.20979901398 21.904021053237415 64089.37564647482 61966.56204353958 66689.16123214389
10.918817385841976 -4.491525354285841 17.29321389233519 1017.0269065676802 21.904021053237415 64089.37564647482 61966.56204353958 66689.16123214389
15.89739701639337 4.97312888889428 11.934859073575353 754.3056796863438 21.904021053237415 64089.37564647482 61966.56204353958 66689.16123214389
17.536384114035172 -0.8012021740069031 -3.8951005257404177 1548.282374748865 21.904021053237415 64089.37564647482 61966.56204353958 66689.16123214389
14.07527818876406 -1.985031280462863 3.0389290770544903 990.5203516786419 21.904021053237415 64089.37564647482 61966.56204353958 66689.16123214389
21.033631836238783 -5.035112066223519 1.1564996606030036 814.8397664129507 21.904021053237415 64089.37564647482 61966.56204353958 66689.16123214389
15.030831693737127 -5.487517192566884 -5.239413400529884 907.7325978888207 21.904021053237415 64089.37564647482 61966.56204353958 66689.16123214389
12.864019918764825 0.919714816751366 6.851012181054102 771.6783703522374 21.904021053237415 64089.37564647482 61966.56204353958 66689.16123214389
10.596765983107616 -0.7672046871084603 -8.620435427379562 806.8744754828978 21.904021053237415 64089.37564647482 61966.56204353958 66689.16123214389
13.045856003482186 15.190639853200992 5.146143329911865 849.6332729615046 21.904021053237415 64089.37564647482 61966.56204353958 66689.16123214389
14.655572639829188 9.3471035089824 2.149284481565701 823.790800563386 21.904021053237415 64089.37564647482 61966.56204353958 66689.16123214389
19.48615832917858 -1.6123634899195167 -8.67672831263917 948.0696918820503 21.904021053237415 64089.37564647482 61966.56204353958 66689.16123214389
12.69311540027411 8.696121828812466 1.1264884398988215 1970.3616829695168 21.904021053237415 64089.37564647482 61966.56204353958 66689.16123214389
15.631641807543929 1.976184483493853 -5.160417262814008 1220.3377651810658 21.904021053237415 64089.37564647482 61966.56204353958 66689.16123214389
19.16371362314385 4.118794606351003 9.47145266161533 2064.7592604008214 21.904021053237415 64089.37564647482 61966.56204353958 66689.16123214389
9.172795941973163 6.9062874956434825 9.175752827693941 2721.953135175918 21.904021053237415 64089.37564647482 61966.56204353958 66689.16123214389
12.359265252358455 -4.0837687195889885 -3.4939933938439935 3149.908301883573 21.904021053237415 64089.37564647482 61966.56204353958 66689.16123214389
15.264719295606483 4.145960917812772 9.556164626948885 1340.4545763423366 21.904021053237415 64089.37564647482 61966.56204353958 66689.16123214389
13.464431327549391 1.7305304783585598 12.247237120522186 767.9437453918727 21.904021053237415 64089.37564647482 61966.56204353958 66689.16123214389
15.74459881697112 -7.036825783914537 -9.980820099808625 1010.484021577163 21.904021053237415 64089.37564647482 61966.56204353958 66689.16123214389
11.517879970007925 -9.957742564227374 5.405406190358917 1129.858373145794 21.904021053237415 64089.37564647482 61966.56204353958 66689.16123214389
3.002971036352392 0.652513864231878 3.5231178461835952 761.8216892591423 21.904021053237415 64089.37564647482 61966.56204353958 66689.16123214389
17.62632889856468 -2.4166012413115823 -12.42379847333359 770.7418873151757 21.904021053237415 64089.37564647482 61966.56204353958 66689.16123214389
12.40047048778797 -0.4836711436146288 -12.445882275816984 1180.4582596711234 21.904021053237415 64089.37564647482 61966.56204353958 66689.16123214389
10.264314730127808 3.6969452577031916 -18.654365395443165 2038.4065109838666 21.904021053237415 64089.37564647482 61966.56204353958 66689.16123214389
9.660391928446188 9.05120153844473 -15.672284421045333 958.8179697172529 21.904021053237415 64089.37564647482 61966.56204353958 66689.16123214389
15.256040281288733 3.5365076573798433 -13.768417408500682 1147.5770457465385 21.904021053237415 64089.37564647482 61966.56204353958 66689.16123214389
-7.573663542534632 14.674817186001746 7.92135426189634 1102.501718766221 21.904021053237415 64089.37564647482 61966.56204353958 66689.16123214389
3.0803205700212857 -6.708278439131391 -0.7805899310769746 785.7872977241288 21.904021053237415 64089.37564647482 61966.56204353958 66689.16123214389
9.003425041300943 11.004834939034481 5.202941122683114 922.491761296217 21.904021053237415 64089.37564647482 61966.56204353958 66689.16123214389
-8.699754379143997 -11.262255688445293 -6.73829945770558 753.5708177709314 21.904021053237415 64089.37564647482 61966.56204353958 66689.16123214389
4.172424615149794 2.4843450453918194 16.22644197641057 1554.0437361857905 21.904021053237415 64089.37564647482 61966.56204353958 66689.16123214389
9.091353355790488 -0.13881754832254956 12.047970102154068 886.6101071792763 21.904021053237415 64089.37564647482 61966.56204353958 66689.16123214389
8.78152814556961 -5.117043332371395 -10.38943084179482 1650.149008383305 21.904021053237415 64089.37564647482 61966.56204353958 66689.16123214389
2.1597459954791702 15.40331659730873 10.423489735578187 775.8707748898615 21.904021053237415 64089.37564647482 61966.56204353958 66689.16123214389
2.009854850344709 7.059209252081928 4.254867047566222 1181.8466200546943 21.904021053237415 64089.37564647482 61966.56204353958 66689.16123214389
3.2885648401716026 -3.537167575501371 17.125349361696863 1655.99171323323 21.904021053237415 64089.37564647482 61966.56204353958 66689.16123214389
-8.847913436737144 13.447722575278021 -5.872765164633165 1118.6153211736134 21.904021053237415 64089.37564647482 61966.56204353958 66689.16123214389
7.851893084218318 5.440676302459906 6.960582477389835 1299.3748559846322 21.904021053237415 64089.37564647482 61966.56204353958 66689.16123214389
-6.189608160755597 8.59425050613936 -8.472320754997781 760.6688003604461 21.904021053237415 64089.37564647482 61966.56204353958 66689.16123214389
0.9053987701845472 11.704466928706097 -3.5209481949714245 1210.1961160024853 21.904021053237415 64089.37564647482 61966.56204353958 66689.16123214389
7.806655241729459 1.152617802086752 -6.742320439254399 1233.8208349402842 21.904021053237415 64089.37564647482 61966.56204353958 66689.16123214389
8.915524950411054 12.268194788914116 -0.17853159015066922 844.9110068244231 21.904021053237415 64089.37564647482 61966.56204353958 66689.16123214389
8.230514245064114 -6.731471884879284 -2.1578281339316163 1021.0951359086346 21.904021053237415 64089.37564647482 61966.56204353958 66689.16123214389
-5.0578480279800715 18.3981818297907 -2.9256220931274584 1535.5082168546662 21.904021053237415 64089.37564647482 61966.56204353958 66689.16123214389
-13.234227034059586 9.687891608125938 9.678890460403636 1174.7850818454717 21.904021053237415 64089.37564647482 61966.56204353958 66689.16123214389
2.8480536252463935 8.561449683860701 10.225795811944408 929.5768654689773 21.904021053237415 64089.37564647482 61966.56204353958 66689.16123214389
5.276676404457248 15.250777750305133 -3.700782267478644 864.9663515789076 21.904021053237415 64089.37564647482 61966.56204353958 66689.16123214389
1.3023741564684315 16.024384316238866 -2.145489423040999 833.0058666010818 21.904021053237415 64089.37564647482 61966.56204353958 66689.16123214389
-10.966918252066534 5.962272403456154 -8.247583442600444 891.6034696303891 21.904021053237415 64089.37564647482 61966.56204353958 66689.16123214389
-3.705193080131721 -15.643949795696244 -12.922010673370096 836.6474430566507 21.904021053237415 64089.37564647482 61966.56204353958 66689.16123214389
3.401427967051859 16.072110595880076 -11.55054002327961 788.5435244872446 21.904021053237415 64089.37564647482 61966.56204353958 66689.16123214389
-11.63656258872652 6.185652162057522 -17.3905632757087 756.6128895046259 21.904021053237415 64089.37564647482 61966.56204353958 66689.16123214389
-18.158771905924368 -3.187583999999333 -9.9576305665978 1152.3270677012456 21.904021053237415 64089.37564647482 61966.56204353958 66689.16123214389
-16.221653975750087 12.852757156302687 0.2779416884877719 988.8170245229891 21.904021053237415 64089.37564647482 61966.56204353958 66689.16123214389
0.5195760549104307 4.088379944048938 -14.246070879191393 903.1523648655701 21.904021053237415 64089.37564647482 61966.56204353958 66689.16123214389
-19.519937935096095 6.672074667469133 1.469020731121418 959.9904699192028 21.904021053237415 64089.37564647482 61966.56204353958 66689.16123214389
-19.392806071096857 -6.459569696919061 3.297871641261736 2749.8287741144195 21.904021053237415 64089.37564647482 61966.56204353958 66689.16123214389
-7.174825341433461 -1.4266964917987934 -12.193870035378495 1351.9518624387422 21.904021053237415 64089.37564647482 61966.56204353958 66689.16123214389
-1.0832925980867003 13.329500922183797 -16.588668458120083 1135.5698618217498 21.904021053237415 64089.37564647482 61966.56204353958 66689.16123214389
