17.61887633830338 4.682175713925972 3.574230884813005 1548.2823787319855 22.013364034532376 64607.61199864749 62438.332738187055 67221.92682517986
20.279380420681264 1.3569595518274582 7.553568051516777 814.839768509212 22.013364034532376 64607.61199864749 62438.332738187055 67221.92682517986
16.531834885034186 -0.09832406290661311 2.0287139708234463 907.7326002240585 22.013364034532376 64607.61199864749 62438.332738187055 67221.92682517986
15.250170572820934 3.570480424328707 -5.583030001973384 770.7418892979907 22.013364034532376 64607.61199864749 62438.332738187055 67221.92682517986
18.229990590261878 3.213723501190543 1.535674749626196 948.0696943210598 22.013364034532376 64607.61199864749 62438.332738187055 67221.92682517986
20.6005642356904 -2.147609605679463 -7.314370768450317 1189.6231591054138 22.013364034532376 64607.61199864749 62438.332738187055 67221.92682517986
19.531632527083275 -5.302838390394754 -5.26129722117912 1847.2540402159486 22.013364034532376 64607.61199864749 62438.332738187055 67221.92682517986
15.959195632429328 -5.195907432345848 -13.160705829315702 896.1137057314759 22.013364034532376 64607.61199864749 62438.332738187055 67221.92682517986
8.250192305218661 -8.790630946961755 17.68384195351973 841.4672770527085 22.013364034532376 64607.61199864749 62438.332738187055 67221.92682517986
7.687668654638401 12.474502197299444 15.77240545800305 2721.95314217843 22.013364034532376 64607.61199864749 62438.332738187055 67221.92682517986
13.15965182279615 15.159779301393428 -4.757593677000841 774.5238470673168 22.013364034532376 64607.61199864749 62438.332738187055 67221.92682517986
0.9229705246980302 12.94911148045503 -15.314422258350533 1385.4936200812751 22.013364034532376 64607.61199864749 62438.332738187055 67221.92682517986
7.454824521104456 14.68289480702515 -10.228023986215703 1576.879684585231 22.013364034532376 64607.61199864749 62438.332738187055 67221.92682517986
9.475019463403441 14.894755811685172 -12.408266054757405 1215.6057706576842 22.013364034532376 64607.61199864749 62438.332738187055 67221.92682517986
3.7925062017311575 18.147794053664256 -4.535654785853694 1135.569862863654 22.013364034532376 64607.61199864749 62438.332738187055 67221.92682517986
15.430908222129801 13.799609867193794 -3.3566963958000997 958.8179721839134 22.013364034532376 64607.61199864749 62438.332738187055 67221.92682517986
1.0059598263687803 19.944747311215906 -8.206840173574165 767.5860612163012 22.013364034532376 64607.61199864749 62438.332738187055 67221.92682517986
3.1087840518084704 16.826726276631234 -10.918932115353527 830.0231235812364 22.013364034532376 64607.61199864749 62438.332738187055 67221.92682517986
13.44512760570069 14.504332480915764 8.96055379974132 823.7908026826749 22.013364034532376 64607.61199864749 62438.332738187055 67221.92682517986
6.282487266449607 16.570664553437382 8.017176249879412 1210.1961172327397 22.013364034532376 64607.61199864749 62438.332738187055 67221.92682517986
12.304895693974686 2.997546410821087 8.846906204664265 751.3493129590963 22.013364034532376 64607.61199864749 62438.332738187055 67221.92682517986
-5.551551153643231 -7.996160798873461 -2.7310591476561967 836.6474434128669 22.013364034532376 64607.61199864749 62438.332738187055 67221.92682517986
-1.8888878162833862 -11.041773918746912 -16.74877366826695 926.6074697678142 22.013364034532376 64607.61199864749 62438.332738187055 67221.92682517986
0.8631013922349666 0.8154791422202834 8.971128017903538 785.7872992385202 22.013364034532376 64607.61199864749 62438.332738187055 67221.92682517986
-5.659277856044355 5.340069662990572 7.90930177429982 1202.2514639182803 22.013364034532376 64607.61199864749 62438.332738187055 67221.92682517986
13.658254293273785 -7.617116118090053 -0.5293228312948486 920.8134849273828 22.013364034532376 64607.61199864749 62438.332738187055 67221.92682517986
11.099139845879108 -11.225362309240154 -8.128192803953425 830.1085880339463 22.013364034532376 64607.61199864749 62438.332738187055 67221.92682517986
8.68492008181056 1.8480855694724596 -13.746940666169394 1143.8611116334412 22.013364034532376 64607.61199864749 62438.332738187055 67221.92682517986
5.66280676516908 2.217395529638452 -0.2708523982728366 1650.149012050979 22.013364034532376 64607.61199864749 62438.332738187055 67221.92682517986
-0.566190124140121 7.985515245018178 9.765858617553022 761.8216903000088 22.013364034532376 64607.61199864749 62438.332738187055 67221.92682517986
11.84819064255862 4.504648138106859 9.627160565694794 990.5203542268601 22.013364034532376 64607.61199864749 62438.332738187055 67221.92682517986
9.556813917872205 7.6052214972587535 13.420256943369168 771.6783723374617 22.013364034532376 64607.61199864749 62438.332738187055 67221.92682517986
8.232465282613703 5.817407460177492 -1.4034567580674775 806.8744775586679 22.013364034532376 64607.61199864749 62438.332738187055 67221.92682517986
9.15308714198909 -3.440848950878717 11.979296121789957 1129.8583760524743 22.013364034532376 64607.61199864749 62438.332738187055 67221.92682517986
5.034733388762106 6.126779419981176 11.025532818108331 895.5502889890662 22.013364034532376 64607.61199864749 62438.332738187055 67221.92682517986
-0.4429658339940943 12.733416277784272 11.487301589499111 1181.8466207510141 22.013364034532376 64607.61199864749 62438.332738187055 67221.92682517986
0.27783411341079045 11.154223803518107 10.28810724048526 808.3813666480545 22.013364034532376 64607.61199864749 62438.332738187055 67221.92682517986
12.207617173640756 5.481612000032328 -4.945696211798349 1180.458262707977 22.013364034532376 64607.61199864749 62438.332738187055 67221.92682517986
5.990654026230914 10.084817713024677 -2.2653801731648855 903.152366082873 22.013364034532376 64607.61199864749 62438.332738187055 67221.92682517986
-4.744689041079255 3.780329231878568 -13.219008039101027 1554.1317298782817 22.013364034532376 64607.61199864749 62438.332738187055 67221.92682517986
10.727811082193512 2.589215870051703 3.3114503850374604 3149.9083099870454 22.013364034532376 64607.61199864749 62438.332738187055 67221.92682517986
8.22914090573613 6.203071878997434 1.0996763936564093 1233.820837682614 22.013364034532376 64607.61199864749 62438.332738187055 67221.92682517986
10.758949726448918 8.829157478096022 -11.077587151361513 2038.4065162278835 22.013364034532376 64607.61199864749 62438.332738187055 67221.92682517986
8.642501869180705 -1.2201112682305393 5.524782454187516 1021.0951381781539 22.013364034532376 64607.61199864749 62438.332738187055 67221.92682517986
-1.9958135036285967 -5.3531903032708215 -12.903882452024845 768.5264113616229 22.013364034532376 64607.61199864749 62438.332738187055 67221.92682517986
-4.135187877916906 -4.401042592086014 -8.361791034883936 959.9752831889213 22.013364034532376 64607.61199864749 62438.332738187055 67221.92682517986
-12.687346528822673 -3.567175112431869 3.1423710756062064 753.5708176262741 22.013364034532376 64607.61199864749 62438.332738187055 67221.92682517986
-13.22832496339106 12.07441476425447 -9.78048503905302 756.612889308659 22.013364034532376 64607.61199864749 62438.332738187055 67221.92682517986
-12.472600682682241 -8.683299935524701 -12.576943626598222 2770.7212925075933 22.013364034532376 64607.61199864749 62438.332738187055 67221.92682517986
-19.481306545123516 3.313077063197852 -2.1513518540450605 1152.3270677012456 22.013364034532376 64607.61199864749 62438.332738187055 67221.92682517986
-4.134333459063782 18.781489212626184 5.501733084849548 1118.6153209643248 22.013364034532376 64607.61199864749 62438.332738187055 67221.92682517986
-7.156033059261972 14.7707645935443 -1.2413794357416919 760.6688004259387 22.013364034532376 64607.61199864749 62438.332738187055 67221.92682517986
-14.922513007368252 12.998760225782462 1.6879830605903408 891.6034693605351 22.013364034532376 64607.61199864749 62438.332738187055 67221.92682517986
-1.2323165411653463 17.23596456847008 -9.057627788250102 765.777038831924 22.013364034532376 64607.61199864749 62438.332738187055 67221.92682517986
-8.001417066458089 4.688460035460594 -4.532384193080361 1351.9518626081 22.013364034532376 64607.61199864749 62438.332738187055 67221.92682517986
-9.100950814259704 7.494066564293462 -11.590417375191464 1450.47107998663 22.013364034532376 64607.61199864749 62438.332738187055 67221.92682517986
14.289543763487018 -15.12431810770795 -4.313307578893728 947.2371436656551 22.013364034532376 64607.61199864749 62438.332738187055 67221.92682517986
