9.08960867908172 17.43634609678702 -9.621207996737212 4733.015561392713 22.04655729640288 65129.196913323736 62911.946194129494 67757.19607092087
-0.5908697728591505 21.114402331018937 -3.7235256369167473 888.0903664919016 22.04655729640288 65129.196913323736 62911.946194129494 67757.19607092087
-16.401853444374865 4.429871616528544 13.131987449261942 753.5708176944195 22.04655729640288 65129.196913323736 62911.946194129494 67757.19607092087
-10.754990812638425 7.678764882337418 -7.872468589717755 1143.8611136145173 22.04655729640288 65129.196913323736 62911.946194129494 67757.19607092087
-13.50799147097132 -2.017912752329721 -4.518849961430533 2770.721292835907 22.04655729640288 65129.196913323736 62911.946194129494 67757.19607092087
-12.618200978831737 14.817472999580787 -1.228913422804908 1450.471080698995 22.04655729640288 65129.196913323736 62911.946194129494 67757.19607092087
11.61605994184356 7.823959268942417 -16.570078273914987 1088.5545948106208 22.04655729640288 65129.196913323736 62911.946194129494 67757.19607092087
13.471966140969016 -8.598894674971234 8.461000682262238 781.1180779377004 22.04655729640288 65129.196913323736 62911.946194129494 67757.19607092087
16.791762515349546 2.5846665774442954 -2.7280437175068073 756.9396381382038 22.04655729640288 65129.196913323736 62911.946194129494 67757.19607092087
12.701488555132528 -4.741491985390894 -0.04102915040857624 830.1085895843721 22.04655729640288 65129.196913323736 62911.946194129494 67757.19607092087
16.71699811257713 0.5639942604102544 1.81975955607777 947.2371454348457 22.04655729640288 65129.196913323736 62911.946194129494 67757.19607092087
20.308718771499116 -5.229967416322324 -6.540353463162319 796.7143698730126 22.04655729640288 65129.196913323736 62911.946194129494 67757.19607092087
17.772991198340605 -3.706929250343819 -7.0846663898119004 862.8009912966442 22.04655729640288 65129.196913323736 62911.946194129494 67757.19607092087
18.181743684690446 2.4090024386896403 -8.91783808080072 823.7953106371993 22.04655729640288 65129.196913323736 62911.946194129494 67757.19607092087
20.793099298614834 3.1936498505456257 -1.3889551215543179 970.1187474327443 22.04655729640288 65129.196913323736 62911.946194129494 67757.19607092087
18.437621629971545 5.390121412347071 9.415497181689716 907.7326019194651 22.04655729640288 65129.196913323736 62911.946194129494 67757.19607092087
13.223705778626027 9.59571228556888 1.517410427404684 770.7418907375343 22.04655729640288 65129.196913323736 62911.946194129494 67757.19607092087
13.883400478160183 -17.0099131754032 -0.3734543491882505 790.0657680843252 22.04655729640288 65129.196913323736 62911.946194129494 67757.19607092087
12.283937372878427 11.45530122724449 2.811716009513475 1180.4582649127638 22.04655729640288 65129.196913323736 62911.946194129494 67757.19607092087
11.52513850145624 13.955181198747596 -3.1843217810965143 2038.406520035094 22.04655729640288 65129.196913323736 62911.946194129494 67757.19607092087
18.2185914729489 1.045018786266155 -4.7606241887115175 896.1137074051813 22.04655729640288 65129.196913323736 62911.946194129494 67757.19607092087
18.809781061201647 6.449353662283102 -8.567970366973896 1211.6761307518423 22.04655729640288 65129.196913323736 62911.946194129494 67757.19607092087
8.463619223279238 -19.059717162868765 3.8137102660984965 850.7669107796657 22.04655729640288 65129.196913323736 62911.946194129494 67757.19607092087
0.006896609651448671 -21.401229568153212 -0.19507083715870976 946.7255629665689 22.04655729640288 65129.196913323736 62911.946194129494 67757.19607092087
1.4641240564887994 -15.142420408403268 -6.631006943396642 1012.609274903522 22.04655729640288 65129.196913323736 62911.946194129494 67757.19607092087
-1.7140204641764285 -17.081996331879054 -7.3302608564990805 2303.0980412215226 22.04655729640288 65129.196913323736 62911.946194129494 67757.19607092087
4.724830687351641 -20.382496911246562 -5.595387522917008 1083.7890959725719 22.04655729640288 65129.196913323736 62911.946194129494 67757.19607092087
-4.063466923449596 -6.41524623548321 -12.49651333114889 933.772704252527 22.04655729640288 65129.196913323736 62911.946194129494 67757.19607092087
-1.7814848358902964 -4.373346454027342 -8.31695862734341 926.6074714549404 22.04655729640288 65129.196913323736 62911.946194129494 67757.19607092087
3.3125458285794593 10.014797657262534 -7.189976880719769 905.937502217978 22.04655729640288 65129.196913323736 62911.946194129494 67757.19607092087
-3.341712364810519 -3.0349013933955575 -12.040059497463517 1561.6911732285128 22.04655729640288 65129.196913323736 62911.946194129494 67757.19607092087
9.664552484959131 -6.714789946541714 -9.108448215047247 974.5329985422768 22.04655729640288 65129.196913323736 62911.946194129494 67757.19607092087
2.883898088519345 0.18019655121315736 -14.151839162557735 1079.387372336195 22.04655729640288 65129.196913323736 62911.946194129494 67757.19607092087
7.489037960425776 -0.27073431748431176 0.024226143010309897 1866.7925317976374 22.04655729640288 65129.196913323736 62911.946194129494 67757.19607092087
0.7461393141638837 12.693644454251626 -7.147581266908674 823.2039755512568 22.04655729640288 65129.196913323736 62911.946194129494 67757.19607092087
8.190006172037101 5.821494149706268 1.1907743027550168 1189.623161327318 22.04655729640288 65129.196913323736 62911.946194129494 67757.19607092087
-4.670106068631867 10.00231348118541 -4.716720357027953 1554.1317320723708 22.04655729640288 65129.196913323736 62911.946194129494 67757.19607092087
-8.472567761731625 10.860355222772341 3.4279656747967238 1351.951863308851 22.04655729640288 65129.196913323736 62911.946194129494 67757.19607092087
-1.47875289406511 1.4247913509097998 -4.2284497987129726 768.5264127970287 22.04655729640288 65129.196913323736 62911.946194129494 67757.19607092087
-0.022049546794733033 16.92059180027718 -6.284385710954666 1034.4350699920067 22.04655729640288 65129.196913323736 62911.946194129494 67757.19607092087
1.4102482904418139 3.6007286013118573 4.14333005953813 959.9752817287435 22.04655729640288 65129.196913323736 62911.946194129494 67757.19607092087
5.651382520933112 -7.210972329208744 10.788759843344451 805.5144554763837 22.04655729640288 65129.196913323736 62911.946194129494 67757.19607092087
-6.998158280643111 0.12185317241528537 7.658614692860283 836.6474441242538 22.04655729640288 65129.196913323736 62911.946194129494 67757.19607092087
-1.1861556549265515 8.598339648262481 18.42022496392019 785.7873007061645 22.04655729640288 65129.196913323736 62911.946194129494 67757.19607092087
-5.058407014032127 11.774209652307036 15.116524134879 1202.2514652349912 22.04655729640288 65129.196913323736 62911.946194129494 67757.19607092087
2.0718293151803664 0.06313771758141229 8.352051805879455 920.8134866472209 22.04655729640288 65129.196913323736 62911.946194129494 67757.19607092087
2.4187832435927703 9.496356052150077 10.021885554291657 1650.149015133025 22.04655729640288 65129.196913323736 62911.946194129494 67757.19607092087
0.15689921304874588 -4.488051477521367 13.92380641787895 1278.2580061082283 22.04655729640288 65129.196913323736 62911.946194129494 67757.19607092087
9.928816180436115 11.029142544524802 16.195464091244503 990.5203560768925 22.04655729640288 65129.196913323736 62911.946194129494 67757.19607092087
5.992501920329232 12.342015026006266 6.014600622453145 806.8744790656979 22.04655729640288 65129.196913323736 62911.946194129494 67757.19607092087
7.1181098790766555 3.2605690105992835 18.49632373265922 1129.8583781627542 22.04655729640288 65129.196913323736 62911.946194129494 67757.19607092087
9.300705834328255 9.316223428606463 10.182170552143361 3149.9083158702488 22.04655729640288 65129.196913323736 62911.946194129494 67757.19607092087
8.76567014088505 11.180489186495834 9.07768361105991 1233.8208399870687 22.04655729640288 65129.196913323736 62911.946194129494 67757.19607092087
9.215250030967582 4.485409168264596 13.186798249560525 1021.0951400852916 22.04655729640288 65129.196913323736 62911.946194129494 67757.19607092087
-2.481107106723357 -18.33217203465756 5.3000184720003745 1003.886097433404 22.04655729640288 65129.196913323736 62911.946194129494 67757.19607092087
-0.6277498437848408 -5.330149562003498 -19.847145442312467 881.1677203660626 22.04655729640288 65129.196913323736 62911.946194129494 67757.19607092087
