0.7404951236167108 3.37144521670416 -4.976353787125845 943.4183707149538 6.713878922877699 43257.743542431665 42303.950928374106 44479.95399726619 32483284.0
0.09889452507195529 0.06692477534670616 0.04499817755277036 1882.6896890686917 6.713878922877699 43257.743542431665 42303.950928374106 44479.95399726619 60811945.0
0.09944954084494384 0.07100155197258573 0.04623290866584284 1865.1565720612743 6.713878922877699 43257.743542431665 42303.950928374106 44479.95399726619 60811974.0
0.09985986041283468 0.0744743554314482 0.047356574425066356 1854.5159471681193 6.713878922877699 43257.743542431665 42303.950928374106 44479.95399726619 60812003.0
0.04148273482860532 0.06729723822354572 0.05597260119247949 2358.950465742175 6.713878922877699 43257.743542431665 42303.950928374106 44479.95399726619 60814361.0
0.042132750306336675 0.07180770977720385 0.05591944059415255 2353.089234660746 6.713878922877699 43257.743542431665 42303.950928374106 44479.95399726619 60814401.0
0.04269029157876503 0.07591571386001306 0.055907982801727485 2349.1261565057744 6.713878922877699 43257.743542431665 42303.950928374106 44479.95399726619 60814441.0
0.04327504780667368 0.08054668155091349 0.05593751551350579 2290.4495111612246 6.713878922877699 43257.743542431665 42303.950928374106 44479.95399726619 60814479.0
0.04374887974699959 0.08460198702960042 0.05600203731592046 2287.999090718404 6.713878922877699 43257.743542431665 42303.950928374106 44479.95399726619 60814512.0
0.0442519188291044 0.08933838796656346 0.056123743641364854 2231.750827879857 6.713878922877699 43257.743542431665 42303.950928374106 44479.95399726619 60814543.0
0.04463137380662374 0.09333916930336272 0.05626821114856284 2231.152354002156 6.713878922877699 43257.743542431665 42303.950928374106 44479.95399726619 60814572.0
0.045037520190817304 0.09837056528340327 0.056503312778659165 2176.0233325636655 6.713878922877699 43257.743542431665 42303.950928374106 44479.95399726619 60814601.0
0.04533390789583791 0.10290086131863063 0.05676994960231241 2171.682687347648 6.713878922877699 43257.743542431665 42303.950928374106 44479.95399726619 60814629.0
0.04553182687959634 0.10678504822135437 0.05704188103845809 2138.0785022006994 6.713878922877699 43257.743542431665 42303.950928374106 44479.95399726619 60814659.0
0.04570979787968099 0.11199424868391361 0.05747273408633191 2123.057942424156 6.713878922877699 43257.743542431665 42303.950928374106 44479.95399726619 60814688.0
0.04577206818794366 0.11581196444603847 0.05784042402956402 2095.4373715992615 6.713878922877699 43257.743542431665 42303.950928374106 44479.95399726619 60814717.0
0.0457781772929593 0.11725537749589421 0.0579908327999874 788.7126794938066 6.713878922877699 43257.743542431665 42303.950928374106 44479.95399726619 60814746.0
0.045741436995740514 0.12155340603203513 0.05847453890601173 2074.6356452847185 6.713878922877699 43257.743542431665 42303.950928374106 44479.95399726619 60814748.0
0.04563137746299617 0.125434461144323 0.05895904290082399 2075.130491173024 6.713878922877699 43257.743542431665 42303.950928374106 44479.95399726619 60814778.0
0.04556566829705844 0.12693522118206602 0.059157413939828984 789.8203980478205 6.713878922877699 43257.743542431665 42303.950928374106 44479.95399726619 60814807.0
0.04534517701540608 0.13077993268234422 0.05970345187961357 2023.8971130922664 6.713878922877699 43257.743542431665 42303.950928374106 44479.95399726619 60814809.0
0.04503709638811415 0.13465017596172402 0.060308018313662615 2025.029305107251 6.713878922877699 43257.743542431665 42303.950928374106 44479.95399726619 60814837.0
0.04455330273049185 0.13917000605579233 0.061090700430213474 1984.7339209370853 6.713878922877699 43257.743542431665 42303.950928374106 44479.95399726619 60814866.0
0.04404431632428896 0.14291971459169872 0.061822120085707866 1986.0546465065659 6.713878922877699 43257.743542431665 42303.950928374106 44479.95399726619 60814895.0
0.04380851949099451 0.14442052768572466 0.0621373069297988 803.1767482534625 6.713878922877699 43257.743542431665 42303.950928374106 44479.95399726619 60814924.0
0.04706729831377743 -0.0181067987869028 -0.07266113830701215 2324.4204924584355 6.713878922877699 43257.743542431665 42303.950928374106 44479.95399726619 60861436.0
0.04632071244122926 -0.02073306836246047 -0.07306288664403837 2338.300740433671 6.713878922877699 43257.743542431665 42303.950928374106 44479.95399726619 60861449.0
0.045749161625280976 -0.022756477737857495 -0.07337326002743794 1330.4453363608513 6.713878922877699 43257.743542431665 42303.950928374106 44479.95399726619 60861460.0
0.045000572710705455 -0.02543294538918417 -0.07378681274713017 2354.8165861123875 6.713878922877699 43257.743542431665 42303.950928374106 44479.95399726619 60861464.0
0.04425147680012742 -0.028137357723608147 -0.07420570045360364 2363.1877121919497 6.713878922877699 43257.743542431665 42303.950928374106 44479.95399726619 60861476.0
0.043368223632569425 -0.03135491271677893 -0.07471121609705733 2368.9831384568565 6.713878922877699 43257.743542431665 42303.950928374106 44479.95399726619 60861489.0
0.042619989544618875 -0.03411189323378494 -0.07514491075562546 2372.787047494296 6.713878922877699 43257.743542431665 42303.950928374106 44479.95399726619 60861502.0
0.04174878714547958 -0.037351387123635504 -0.07566112979111494 2373.5080249970033 6.713878922877699 43257.743542431665 42303.950928374106 44479.95399726619 60861516.0
0.041004639308084734 -0.0401490254298551 -0.0761071232118411 2371.8092007129535 6.713878922877699 43257.743542431665 42303.950928374106 44479.95399726619 60861529.0
0.040469914420100395 -0.042172692898020614 -0.07643317135079997 1306.8884609805598 6.713878922877699 43257.743542431665 42303.950928374106 44479.95399726619 60861541.0
0.039732689947413746 -0.04498964213416912 -0.07688647264876636 2359.1563448024685 6.713878922877699 43257.743542431665 42303.950928374106 44479.95399726619 60861545.0
0.039000244229100645 -0.04781497119984124 -0.07734557150979526 2349.8801677681254 6.713878922877699 43257.743542431665 42303.950928374106 44479.95399726619 60861559.0
0.03813157923286781 -0.051192288105085026 -0.07789805880747736 2334.3306204120836 6.713878922877699 43257.743542431665 42303.950928374106 44479.95399726619 60861573.0
0.03740792295866413 -0.054027911959565245 -0.0783658343134448 2321.1952022699224 6.713878922877699 43257.743542431665 42303.950928374106 44479.95399726619 60861586.0
0.0367969157450716 -0.05643496051925467 -0.07876550323999254 1436.6469500710568 6.713878922877699 43257.743542431665 42303.950928374106 44479.95399726619 60861598.0
0.036081638470932376 -0.05927486118162051 -0.07923894897976425 2291.7418968227526 6.713878922877699 43257.743542431665 42303.950928374106 44479.95399726619 60861603.0
0.03564503743109526 -0.06101704513275763 -0.0795320111719775 1398.060295535857 6.713878922877699 43257.743542431665 42303.950928374106 44479.95399726619 60861614.0
0.03493648049334297 -0.0638631975161843 -0.08000985993567156 2267.505277634522 6.713878922877699 43257.743542431665 42303.950928374106 44479.95399726619 60861618.0
0.03423111450683791 -0.0667164317710558 -0.08049213491176488 2255.1966333033974 6.713878922877699 43257.743542431665 42303.950928374106 44479.95399726619 60861631.0
0.03331677375535946 -0.07044769857748179 -0.08112612118566176 2239.91241525298 6.713878922877699 43257.743542431665 42303.950928374106 44479.95399726619 60861645.0
0.03261792660487117 -0.0733246187955956 -0.08161770604056073 2231.2615852169747 6.713878922877699 43257.743542431665 42303.950928374106 44479.95399726619 60861658.0
0.0320279506049701 -0.07577015541028231 -0.08203767539089313 1133.882078045613 6.713878922877699 43257.743542431665 42303.950928374106 44479.95399726619 60861670.0
0.03133250334212789 -0.07867519938008627 -0.08253750969743123 2216.8095083459193 6.713878922877699 43257.743542431665 42303.950928374106 44479.95399726619 60861673.0
0.030637482152087614 -0.08160145344299963 -0.08304440410574898 2212.158954355657 6.713878922877699 43257.743542431665 42303.950928374106 44479.95399726619 60861687.0
0.029689615752431564 -0.08563165758096147 -0.08374231610650895 2207.531811260771 6.713878922877699 43257.743542431665 42303.950928374106 44479.95399726619 60861701.0
0.028993794941925444 -0.08862023669644259 -0.08426295973913511 2206.4901750352606 6.713878922877699 43257.743542431665 42303.950928374106 44479.95399726619 60861713.0
0.02840533457492711 -0.09116965534485644 -0.08470669958478538 1037.1641957553747 6.713878922877699 43257.743542431665 42303.950928374106 44479.95399726619 60861724.0
0.027707898894732352 -0.09421544426004402 -0.08523896265251096 2204.626639065595 6.713878922877699 43257.743542431665 42303.950928374106 44479.95399726619 60861727.0
0.027008677818230353 -0.09730136852158466 -0.08577632788365008 2206.0199455420916 6.713878922877699 43257.743542431665 42303.950928374106 44479.95399726619 60861739.0
0.02627733301051194 -0.10068729138583876 -0.08634737002284965 1473.7910431851922 6.713878922877699 43257.743542431665 42303.950928374106 44479.95399726619 60861750.0
0.02557642021565698 -0.10400908596784575 -0.08689948927349178 2208.3137325094062 6.713878922877699 43257.743542431665 42303.950928374106 44479.95399726619 60861757.0
