0.1489272191611235 0.018886118108639494 -0.08164901074633235 1870.4271306744706 6.721529853237411 43280.80438296403 42325.21455897843 44504.718171884895 60811945.0
0.15092970499244984 0.021027411065006163 -0.08144883703789674 1852.816556494335 6.721529853237411 43280.80438296403 42325.21455897843 44504.718171884895 60811974.0
0.15270253729249816 0.02301474183332175 -0.08120221373974346 1842.084957102842 6.721529853237411 43280.80438296403 42325.21455897843 44504.718171884895 60812003.0
0.11922650365158916 0.02485165817051893 -0.030735489432117902 2347.7808295706154 6.721529853237411 43280.80438296403 42325.21455897843 44504.718171884895 60814361.0
0.1200516696771956 0.02682003076915862 -0.03124109467898961 2341.818650824542 6.721529853237411 43280.80438296403 42325.21455897843 44504.718171884895 60814401.0
0.12083023844752461 0.028752235004503746 -0.0316348172200378 2337.748780011375 6.721529853237411 43280.80438296403 42325.21455897843 44504.718171884895 60814441.0
0.12173976594931446 0.03110181778902188 -0.032004349093767814 2279.2193744874226 6.721529853237411 43280.80438296403 42325.21455897843 44504.718171884895 60814479.0
0.1225678835180588 0.033320580019790214 -0.032263195382256526 2276.6616533752276 6.721529853237411 43280.80438296403 42325.21455897843 44504.718171884895 60814512.0
0.12357325621997006 0.03611687150987564 -0.0324903469227138 2220.5508912369746 6.721529853237411 43280.80438296403 42325.21455897843 44504.718171884895 60814543.0
0.12445665048289811 0.038664933264954016 -0.032617769604257774 2219.8271630370555 6.721529853237411 43280.80438296403 42325.21455897843 44504.718171884895 60814572.0
0.1256085273998906 0.04212495011597639 -0.032699195471650455 2164.8205925043626 6.721529853237411 43280.80438296403 42325.21455897843 44504.718171884895 60814601.0
0.12668966033379547 0.0455044751506648 -0.032693470049707685 2160.3638939259627 6.721529853237411 43280.80438296403 42325.21455897843 44504.718171884895 60814629.0
0.12765187393961241 0.048615845436870586 -0.0326293860853184 2126.8106328512436 6.721529853237411 43280.80438296403 42325.21455897843 44504.718171884895 60814659.0
0.12899606875726022 0.05312056370166829 -0.03245587509445613 2111.7037392305583 6.721529853237411 43280.80438296403 42325.21455897843 44504.718171884895 60814688.0
0.1300233791480423 0.05668362083088141 -0.03226234354224289 2084.1077938954936 6.721529853237411 43280.80438296403 42325.21455897843 44504.718171884895 60814717.0
0.13041922081174562 0.058087583594897296 -0.03217355106608011 784.4103895180442 6.721529853237411 43280.80438296403 42325.21455897843 44504.718171884895 60814746.0
0.1316250172094442 0.062458025640808046 -0.031855096021899953 2063.2033835994516 6.721529853237411 43280.80438296403 42325.21455897843 44504.718171884895 60814748.0
0.1327444703929359 0.06665227609482827 -0.03149246361135738 2063.537070490594 6.721529853237411 43280.80438296403 42325.21455897843 44504.718171884895 60814778.0
0.13318146242090734 0.06833535389159806 -0.03133213314140448 785.3619587766425 6.721529853237411 43280.80438296403 42325.21455897843 44504.718171884895 60814807.0
0.13432989887223812 0.07284609506314155 -0.030873224066453986 2012.367212802639 6.721529853237411 43280.80438296403 42325.21455897843 44504.718171884895 60814809.0
0.1355211975023849 0.07768191857030615 -0.030334548064274713 2013.3334902024649 6.721529853237411 43280.80438296403 42325.21455897843 44504.718171884895 60814837.0
0.13695497019944014 0.0837381949822884 -0.029602454276755452 1973.0862572547933 6.721529853237411 43280.80438296403 42325.21455897843 44504.718171884895 60814866.0
0.13820359521196224 0.08918143162009073 -0.028904930673888884 1974.2432911485096 6.721529853237411 43280.80438296403 42325.21455897843 44504.718171884895 60814895.0
0.1387174429910374 0.09147482506523374 -0.028601042242371477 798.353904074713 6.721529853237411 43280.80438296403 42325.21455897843 44504.718171884895 60814924.0
0.031031482059916016 -0.034180205504526384 -0.0638534487443394 2096.5887108858306 6.721529853237411 43280.80438296403 42325.21455897843 44504.718171884895 60861436.0
0.030491924124362413 -0.0373220186738763 -0.06328891115117585 2108.9444233103327 6.721529853237411 43280.80438296403 42325.21455897843 44504.718171884895 60861449.0
0.030071107852563728 -0.03975571374030551 -0.06286293331504567 1199.8341491725164 6.721529853237411 43280.80438296403 42325.21455897843 44504.718171884895 60861460.0
0.029509153471735772 -0.04298561907489784 -0.0623186764496495 2123.5463004828034 6.721529853237411 43280.80438296403 42325.21455897843 44504.718171884895 60861464.0
0.028933960522408597 -0.04626849642227171 -0.06178523411654169 2130.9282874261658 6.721529853237411 43280.80438296403 42325.21455897843 44504.718171884895 60861476.0
0.02823814189468976 -0.0502024119705311 -0.06117703210475156 2135.95580396897 6.721529853237411 43280.80438296403 42325.21455897843 44504.718171884895 60861489.0
0.027633251607767306 -0.053597881393216085 -0.06067409008392133 2139.216166879267 6.721529853237411 43280.80438296403 42325.21455897843 44504.718171884895 60861502.0
0.02690968782553682 -0.057621179868874606 -0.060109371414000634 2139.666938113493 6.721529853237411 43280.80438296403 42325.21455897843 44504.718171884895 60861516.0
0.02627472703170497 -0.061124753767217044 -0.05963923306262586 2137.9643846852828 6.721529853237411 43280.80438296403 42325.21455897843 44504.718171884895 60861529.0
0.025808231745031662 -0.06368056542851264 -0.05931137781590223 1177.9280381889826 6.721529853237411 43280.80438296403 42325.21455897843 44504.718171884895 60861541.0
0.025150869514618535 -0.06726120790699497 -0.058869654771115165 2126.2653444141706 6.721529853237411 43280.80438296403 42325.21455897843 44504.718171884895 60861545.0
0.02448039907903876 -0.07088634295359952 -0.058446813774935436 2117.7355200129546 6.721529853237411 43280.80438296403 42325.21455897843 44504.718171884895 60861559.0
0.023662769752263557 -0.07526621168653946 -0.057965657622844446 2103.5217416665264 6.721529853237411 43280.80438296403 42325.21455897843 44504.718171884895 60861573.0
0.022962097376876045 -0.07898357053636573 -0.057583078982133884 2091.5194491974034 6.721529853237411 43280.80438296403 42325.21455897843 44504.718171884895 60861586.0
0.022356429552019108 -0.08217072550178273 -0.057272381403890904 1294.3719062937084 6.721529853237411 43280.80438296403 42325.21455897843 44504.718171884895 60861598.0
0.02163078627199866 -0.08596524399035843 -0.05692339230881771 2064.6844407941703 6.721529853237411 43280.80438296403 42325.21455897843 44504.718171884895 60861603.0
0.021178664108447265 -0.08831414306041552 -0.05671903913025744 1259.4497421451765 6.721529853237411 43280.80438296403 42325.21455897843 44504.718171884895 60861614.0
0.02043035159294959 -0.09218395274365321 -0.056397989224933553 2042.5975710964963 6.721529853237411 43280.80438296403 42325.21455897843 44504.718171884895 60861618.0
0.019666827050969005 -0.09610642433835892 -0.05609467771137133 2031.3560664229808 6.721529853237411 43280.80438296403 42325.21455897843 44504.718171884895 60861631.0
0.01864927017595619 -0.10130416267929832 -0.055725116180838086 2017.390874555462 6.721529853237411 43280.80438296403 42325.21455897843 44504.718171884895 60861645.0
0.017849815456429496 -0.10536460189177888 -0.055461022289819084 2009.448745354446 6.721529853237411 43280.80438296403 42325.21455897843 44504.718171884895 60861658.0
0.017160176306788344 -0.10885437950491905 -0.05525097301870119 1021.0607805647795 6.721529853237411 43280.80438296403 42325.21455897843 44504.718171884895 60861670.0
0.016329864483850542 -0.11304449008457595 -0.05501765500230249 1996.1615334742796 6.721529853237411 43280.80438296403 42325.21455897843 44504.718171884895 60861673.0
0.015481035530683585 -0.1173158214223804 -0.05480218035518192 1991.8335022712843 6.721529853237411 43280.80438296403 42325.21455897843 44504.718171884895 60861687.0
0.014293054344307166 -0.12328482302109478 -0.05453152779955417 1987.4786151404028 6.721529853237411 43280.80438296403 42325.21455897843 44504.718171884895 60861701.0
0.013398436320130713 -0.12777658419508953 -0.05435400017449865 1986.4052369345861 6.721529853237411 43280.80438296403 42325.21455897843 44504.718171884895 60861713.0
0.012627069816517178 -0.13165240958915092 -0.054215352443861775 933.6253108263553 6.721529853237411 43280.80438296403 42325.21455897843 44504.718171884895 60861724.0
0.011695288521877956 -0.13633802269760054 -0.0540679981422727 1984.4816806463032 6.721529853237411 43280.80438296403 42325.21455897843 44504.718171884895 60861727.0
0.010742223930719774 -0.141144625202287 -0.05393513207673095 1985.6061014513705 6.721529853237411 43280.80438296403 42325.21455897843 44504.718171884895 60861739.0
0.009719650370243471 -0.14641724914690712 -0.05382361256488366 1326.417224140762 6.721529853237411 43280.80438296403 42325.21455897843 44504.718171884895 60861750.0
0.008718339202459902 -0.15163785594631918 -0.053736679976282176 1987.407600994591 6.721529853237411 43280.80438296403 42325.21455897843 44504.718171884895 60861757.0
0.20838696782448096 0.0071585926780244336 -0.0488932212247164 2680.611819681488 6.721529853237411 43280.80438296403 42325.21455897843 44504.718171884895 60878883.0
0.2083865430104197 0.008599173408583738 -0.04983467799320351 2657.361237816421 6.721529853237411 43280.80438296403 42325.21455897843 44504.718171884895 60878902.0
0.20838725535577396 0.009468732241657563 -0.050400377935147844 1595.3711137061587 6.721529853237411 43280.80438296403 42325.21455897843 44504.718171884895 60878920.0
0.20839022614381975 0.010908892429142725 -0.051333912066183984 2632.37073302202 6.721529853237411 43280.80438296403 42325.21455897843 44504.718171884895 60878925.0
0.20839278769562952 0.011718877205566969 -0.05185656374669634 1472.535034564359 6.721529853237411 43280.80438296403 42325.21455897843 44504.718171884895 60878944.0
0.20839885769964894 0.013163296956918202 -0.05278525338508189 2615.0415661956777 6.721529853237411 43280.80438296403 42325.21455897843 44504.718171884895 60878949.0
0.2084071452918579 0.014616679960454348 -0.05371502100024372 2614.59971777535 6.721529853237411 43280.80438296403 42325.21455897843 44504.718171884895 60878968.0
0.20841232092061546 0.015384682388685178 -0.05420414806576446 1373.8157688854583 6.721529853237411 43280.80438296403 42325.21455897843 44504.718171884895 60878988.0
0.2084235478323535 0.016838349045428913 -0.055126660874520894 2589.3644718862597 6.721529853237411 43280.80438296403 42325.21455897843 44504.718171884895 60878992.0
0.20843687833257718 0.018293577028089203 -0.0560455951053882 2575.271362719162 6.721529853237411 43280.80438296403 42325.21455897843 44504.718171884895 60879012.0
0.20844368172402028 0.018966713854752015 -0.05646890892239753 1184.7008143598512 6.721529853237411 43280.80438296403 42325.21455897843 44504.718171884895 60879033.0
0.20845626313530374 0.020122775225900114 -0.0571937682616408 2026.5857586406273 6.721529853237411 43280.80438296403 42325.21455897843 44504.718171884895 60879036.0
0.20847429176501464 0.021608620023471303 -0.058121403722907417 2587.6627949680374 6.721529853237411 43280.80438296403 42325.21455897843 44504.718171884895 60879050.0
0.20849463193735573 0.023121661142795347 -0.059060961779323407 2613.02876506834 6.721529853237411 43280.80438296403 42325.21455897843 44504.718171884895 60879071.0
0.20850310372770764 0.023714472859865054 -0.059427680556837004 1017.0927183158102 6.721529853237411 43280.80438296403 42325.21455897843 44504.718171884895 60879091.0
0.20852660753007513 0.025255507411202416 -0.06037788228422869 2629.617986138349 6.721529853237411 43280.80438296403 42325.21455897843 44504.718171884895 60879094.0
0.20855260904500028 0.026826832341612317 -0.061341363194515 2657.259727699313 6.721529853237411 43280.80438296403 42325.21455897843 44504.718171884895 60879115.0
0.20858785288146464 0.028788643248844892 -0.0625372063004761 2320.3685357379795 6.721529853237411 43280.80438296403 42325.21455897843 44504.718171884895 60879136.0
0.20861945078650024 0.030416369452723302 -0.06352322573366109 2695.647458579578 6.721529853237411 43280.80438296403 42325.21455897843 44504.718171884895 60879154.0
0.20866158285934944 0.032440109651361126 -0.06474190772860311 2709.2257667053073 6.721529853237411 43280.80438296403 42325.21455897843 44504.718171884895 60879179.0
0.2086985526184435 0.03409853942139307 -0.06573729397496209 2694.0767297115126 6.721529853237411 43280.80438296403 42325.21455897843 44504.718171884895 60879202.0
0.20874791986716446 0.036167313817713875 -0.06698129127471475 2664.924975045315 6.721529853237411 43280.80438296403 42325.21455897843 44504.718171884895 60879225.0
0.20878985037415987 0.03781823685858399 -0.0679734973818995 2658.5990390491966 6.721529853237411 43280.80438296403 42325.21455897843 44504.718171884895 60879246.0
0.20884098541137064 0.039722544519463554 -0.06911838982341578 2414.239798985582 6.721529853237411 43280.80438296403 42325.21455897843 44504.718171884895 60879268.0
0.20888911287329393 0.04143285423924681 -0.07014002146024723 2712.7871457063948 6.721529853237411 43280.80438296403 42325.21455897843 44504.718171884895 60879285.0
0.20893977470404934 0.04316719666530844 -0.07116831025632564 2717.0768803771375 6.721529853237411 43280.80438296403 42325.21455897843 44504.718171884895 60879307.0
0.20900453574722633 0.04529201373225078 -0.07241724236519076 2711.783413852078 6.721529853237411 43280.80438296403 42325.21455897843 44504.718171884895 60879332.0
