-4.054768108071585 16.02155848640541 12.207723840045219 893.9762363185279 21.233619725179857 61039.46067099282 59167.8165136403 63533.95850576979
9.596628423052607 -1.2883820023271255 -17.702512873547676 792.1425666240556 21.233619725179857 61039.46067099282 59167.8165136403 63533.95850576979
9.427703679306433 -8.576562986185309 14.986882669341867 1719.425572686084 21.233619725179857 61039.46067099282 59167.8165136403 63533.95850576979
-1.943522534580552 1.8147036253794795 -18.108614985212625 866.4275576329899 21.233619725179857 61039.46067099282 59167.8165136403 63533.95850576979
18.64733614333818 6.167993380615371 -0.13348376230715076 890.9279123191639 21.233619725179857 61039.46067099282 59167.8165136403 63533.95850576979
1.0928040240250994 -7.550235631737451 -17.48716055800469 886.8961669381666 21.233619725179857 61039.46067099282 59167.8165136403 63533.95850576979
12.96473854969372 0.9899392165243626 5.797097582835704 1563.2979375888897 21.233619725179857 61039.46067099282 59167.8165136403 63533.95850576979
-0.8310229289127165 -3.926271933982207 -0.911603786284104 872.6396680600793 21.233619725179857 61039.46067099282 59167.8165136403 63533.95850576979
-5.847029784206825 -7.041514839860611 -8.066784027134418 2034.7798351615866 21.233619725179857 61039.46067099282 59167.8165136403 63533.95850576979
-4.956646654543874 10.989018344807846 9.563135158918158 845.3364743553918 21.233619725179857 61039.46067099282 59167.8165136403 63533.95850576979
3.4517511528902105 -13.198843774953275 -5.252592390876089 769.1292621222309 21.233619725179857 61039.46067099282 59167.8165136403 63533.95850576979
0.018842298857634887 -7.029866638178646 -3.9728306851902744 1020.2814148898325 21.233619725179857 61039.46067099282 59167.8165136403 63533.95850576979
5.611609788298665 -11.7559569385121 1.1977766439740662 1080.2598844424906 21.233619725179857 61039.46067099282 59167.8165136403 63533.95850576979
11.644025008739845 -12.956948115461273 -1.2604120726100518 753.0449155929861 21.233619725179857 61039.46067099282 59167.8165136403 63533.95850576979
11.852452529441507 0.722961317296722 -1.0712627666580374 862.1755329766398 21.233619725179857 61039.46067099282 59167.8165136403 63533.95850576979
-4.387509505388152 -6.315686726120475 -5.602092445427843 1110.4243135353274 21.233619725179857 61039.46067099282 59167.8165136403 63533.95850576979
9.523313359983149 3.196725881207385 -13.42973196033563 1143.7365855453527 21.233619725179857 61039.46067099282 59167.8165136403 63533.95850576979
6.608396159062977 0.41036216498469 -1.3135336600462324 759.027910212553 21.233619725179857 61039.46067099282 59167.8165136403 63533.95850576979
