0.00369430985301733 -0.021810691432619933 -0.06322963889397215 1866.2865693806746 6.726001910791367 43303.96179522302 42346.42514693525 44529.40180535252 60811945.0
0.004687848690082319 -0.024696128493815195 -0.06428511502599576 1848.6300033205375 6.726001910791367 43303.96179522302 42346.42514693525 44529.40180535252 60811974.0
0.005668380166753195 -0.027047019044402987 -0.06518604279699503 1837.85076356252 6.726001910791367 43303.96179522302 42346.42514693525 44529.40180535252 60812003.0
0.041766773487324826 -0.01640307677007513 -0.028093684042687528 2344.516324398372 6.726001910791367 43303.96179522302 42346.42514693525 44529.40180535252 60814361.0
0.041640080948127434 -0.019788247896940447 -0.028433506449800916 2338.5140153520574 6.726001910791367 43303.96179522302 42346.42514693525 44529.40180535252 60814401.0
0.04159037235513097 -0.02278110628685681 -0.028714541040244512 2334.4022814570008 6.726001910791367 43303.96179522302 42346.42514693525 44529.40180535252 60814441.0
0.04161571506119799 -0.02604191746650031 -0.029000220994930714 2275.904693333418 6.726001910791367 43303.96179522302 42346.42514693525 44529.40180535252 60814479.0
0.04171324970229762 -0.02878807247907389 -0.02922430881881155 2273.305228128553 6.726001910791367 43303.96179522302 42346.42514693525 44529.40180535252 60814512.0
0.041923742755898274 -0.03185394503088901 -0.029456391494022682 2217.2231526496325 6.726001910791367 43303.96179522302 42346.42514693525 44529.40180535252 60814543.0
0.04218945057800738 -0.034312046904233284 -0.02962836627557408 2216.451099852482 6.726001910791367 43303.96179522302 42346.42514693525 44529.40180535252 60814572.0
0.04265059643512359 -0.03721509262686595 -0.02981634658499388 2161.4673562873522 6.726001910791367 43303.96179522302 42346.42514693525 44529.40180535252 60814601.0
0.04319520856370218 -0.03963018656213535 -0.02995787672989536 2156.9638552505417 6.726001910791367 43303.96179522302 42346.42514693525 44529.40180535252 60814629.0
0.043768006245954894 -0.04153483302798122 -0.030059590011660475 2123.4149527199493 6.726001910791367 43303.96179522302 42346.42514693525 44529.40180535252 60814659.0
0.0447025130779366 -0.043822611070936546 -0.030167820390488487 2108.2673588767184 6.726001910791367 43303.96179522302 42346.42514693525 44529.40180535252 60814688.0
0.04551938954682555 -0.04528246779227629 -0.0302266349826823 2080.667892252962 6.726001910791367 43303.96179522302 42346.42514693525 44529.40180535252 60814717.0
0.04585907790897181 -0.04578465436497936 -0.030243280802096706 783.1022647196036 6.726001910791367 43303.96179522302 42346.42514693525 44529.40180535252 60814746.0
0.04697306161688175 -0.047109914987231605 -0.03026960390707245 2059.71252059686 6.726001910791367 43303.96179522302 42346.42514693525 44529.40180535252 60814748.0
0.04811743569007376 -0.04807470738160191 -0.03025930776493624 2059.9822134580095 6.726001910791367 43303.96179522302 42346.42514693525 44529.40180535252 60814778.0
0.04859672539168969 -0.04838709136674879 -0.030244488465541508 783.9915239794902 6.726001910791367 43303.96179522302 42346.42514693525 44529.40180535252 60814807.0
0.04992902641242836 -0.0489982888175291 -0.03018917570443591 2008.8107795806288 6.726001910791367 43303.96179522302 42346.42514693525 44529.40180535252 60814809.0
0.05143204637715826 -0.04932077896955889 -0.03010113567870576 2009.7107416867939 6.726001910791367 43303.96179522302 42346.42514693525 44529.40180535252 60814837.0
0.053414555186463986 -0.04927725037850905 -0.029955738653370645 1969.4607942073098 6.726001910791367 43303.96179522302 42346.42514693525 44529.40180535252 60814866.0
0.05528298678109422 -0.048812578243087046 -0.029809308631229214 1970.551896760077 6.726001910791367 43303.96179522302 42346.42514693525 44529.40180535252 60814895.0
0.056094401130394544 -0.04850479678134434 -0.029743464874627534 796.8430966345628 6.726001910791367 43303.96179522302 42346.42514693525 44529.40180535252 60814924.0
-0.03561604858987266 0.037146302580367774 0.06459306440228829 2003.3587453496953 6.726001910791367 43303.96179522302 42346.42514693525 44529.40180535252 60861436.0
-0.035467970272293314 0.038037588441511616 0.06543614777183393 2015.100575099524 6.726001910791367 43303.96179522302 42346.42514693525 44529.40180535252 60861449.0
-0.03537929211597657 0.038699644144799095 0.06607691048702691 1146.3936889411812 6.726001910791367 43303.96179522302 42346.42514693525 44529.40180535252 60861460.0
-0.03529877205437515 0.03954231066745706 0.06690765917301178 2028.9456628237424 6.726001910791367 43303.96179522302 42346.42514693525 44529.40180535252 60861464.0
-0.03525941218686057 0.040350609240704216 0.06773108599008992 2035.9218184107833 6.726001910791367 43303.96179522302 42346.42514693525 44529.40180535252 60861476.0
-0.03526921608863631 0.04125023177039111 0.06869103437202284 2040.6405790266738 6.726001910791367 43303.96179522302 42346.42514693525 44529.40180535252 60861489.0
-0.03532759004156105 0.04196347483957652 0.06949579701176845 2043.69296220089 6.726001910791367 43303.96179522302 42346.42514693525 44529.40180535252 60861502.0
-0.03545649870648049 0.042727123451186344 0.07042171366629191 2044.0720082337632 6.726001910791367 43303.96179522302 42346.42514693525 44529.40180535252 60861516.0
-0.035620617934910115 0.043319169351889286 0.07120446368935518 2042.4077058550786 6.726001910791367 43303.96179522302 42346.42514693525 44529.40180535252 60861529.0
-0.03577098756068153 0.04370290356018813 0.07176204474671977 1125.2507781588836 6.726001910791367 43303.96179522302 42346.42514693525 44529.40180535252 60861541.0
-0.036024147368152626 0.044176895258715376 0.0725236680227681 2031.1839665299583 6.726001910791367 43303.96179522302 42346.42514693525 44529.40180535252 60861545.0
-0.03633070246723946 0.04457482069119578 0.07327255442214664 2023.0117893571396 6.726001910791367 43303.96179522302 42346.42514693525 44529.40180535252 60861559.0
-0.036766169156180695 0.044942190834262874 0.07414824279840104 2009.4121456289167 6.726001910791367 43303.96179522302 42346.42514693525 44529.40180535252 60861573.0
-0.03719091291713994 0.04515458631067304 0.07486692807287909 1997.9244336137638 6.726001910791367 43303.96179522302 42346.42514693525 44529.40180535252 60861586.0
-0.03759454587998334 0.04526108551362995 0.07546617809566669 1236.4025061315513 6.726001910791367 43303.96179522302 42346.42514693525 44529.40180535252 60861598.0
-0.03812097230547806 0.04529907938558608 0.07615852420713054 1972.1926750040102 6.726001910791367 43303.96179522302 42346.42514693525 44529.40180535252 60861603.0
-0.0384718035638798 0.045271135109942406 0.07657646844018018 1202.985801765672 6.726001910791367 43303.96179522302 42346.42514693525 44529.40180535252 60861614.0
-0.039089245394279715 0.04514172098424751 0.07724651294847718 1950.9972763724638 6.726001910791367 43303.96179522302 42346.42514693525 44529.40180535252 60861618.0
-0.0397648832804407 0.044901296801981516 0.07790375108743319 1940.1995907003068 6.726001910791367 43303.96179522302 42346.42514693525 44529.40180535252 60861631.0
-0.040734016394708306 0.044410516071366146 0.07874061590700876 1926.785925166372 6.726001910791367 43303.96179522302 42346.42514693525 44529.40180535252 60861645.0
-0.041547557440935634 0.043890622990147676 0.07936856496962719 1919.1465853567722 6.726001910791367 43303.96179522302 42346.42514693525 44529.40180535252 60861658.0
-0.04228482727921801 0.043345870850316714 0.07989042076951591 975.1212848973573 6.726001910791367 43303.96179522302 42346.42514693525 44529.40180535252 60861670.0
-0.043214391691435594 0.042572876533085946 0.08049550202122191 1906.3174072839597 6.726001910791367 43303.96179522302 42346.42514693525 44529.40180535252 60861673.0
-0.04420986677723704 0.04165030673175352 0.08108888249989832 1902.0411097933202 6.726001910791367 43303.96179522302 42346.42514693525 44529.40180535252 60861687.0
-0.04567713074357016 0.040130162982677575 0.08188014973711688 1897.67200302968 6.726001910791367 43303.96179522302 42346.42514693525 44529.40180535252 60861701.0
-0.046836774912662804 0.038807917553640436 0.08244613531132927 1896.473552352321 6.726001910791367 43303.96179522302 42346.42514693525 44529.40180535252 60861713.0
-0.047873016956145875 0.03754418074095156 0.08291534572344972 891.2491173481635 6.726001910791367 43303.96179522302 42346.42514693525 44529.40180535252 60861724.0
-0.04916797292389674 0.0358625664448482 0.0834584062176873 1894.2943436782477 6.726001910791367 43303.96179522302 42346.42514693525 44529.40180535252 60861727.0
-0.0505407953314716 0.033964174253924284 0.08398894836864201 1895.1590095514468 6.726001910791367 43303.96179522302 42346.42514693525 44529.40180535252 60861739.0
-0.052088775439187884 0.03172253886441467 0.08451609555777395 1265.8197805181596 6.726001910791367 43303.96179522302 42346.42514693525 44529.40180535252 60861750.0
-0.05366434539610054 0.029307679542398546 0.08499969062540913 1896.4496692430473 6.726001910791367 43303.96179522302 42346.42514693525 44529.40180535252 60861757.0
0.0556096781801898 -0.026220369400107302 -0.13649902885663323 2400.7420824161186 6.726001910791367 43303.96179522302 42346.42514693525 44529.40180535252 60878883.0
0.05518411137745716 -0.02956637836905429 -0.1367065911545069 2380.4817343020723 6.726001910791367 43303.96179522302 42346.42514693525 44529.40180535252 60878902.0
0.05492954882356571 -0.03158613278355915 -0.13683294152724557 1429.4607239488962 6.726001910791367 43303.96179522302 42346.42514693525 44529.40180535252 60878920.0
0.05451458191964775 -0.0349449474379071 -0.13704478686850052 2358.995391355775 6.726001910791367 43303.96179522302 42346.42514693525 44529.40180535252 60878925.0
0.0542836187814828 -0.036833521771768574 -0.13716486300108954 1319.8900048094379 6.726001910791367 43303.96179522302 42346.42514693525 44529.40180535252 60878944.0
0.05387583393167006 -0.0402135138574522 -0.1373815814149566 2344.423956581309 6.726001910791367 43303.96179522302 42346.42514693525 44529.40180535252 60878949.0
0.05347314568643924 -0.043623270554235205 -0.13760354071564507 2344.7064995994556 6.726001910791367 43303.96179522302 42346.42514693525 44529.40180535252 60878968.0
0.05326275767583866 -0.045424950709275436 -0.13772166511625983 1232.3062928005108 6.726001910791367 43303.96179522302 42346.42514693525 44529.40180535252 60878988.0
0.052868509279505815 -0.048846920049982145 -0.13794820395560237 2323.0678565198614 6.726001910791367 43303.96179522302 42346.42514693525 44529.40180535252 60878992.0
0.05248076364659937 -0.05228156859084265 -0.13817951957753394 2311.0822208404634 6.726001910791367 43303.96179522302 42346.42514693525 44529.40180535252 60879012.0
0.052303272394055966 -0.05387118588987505 -0.1382872520989622 1063.4296381805977 6.726001910791367 43303.96179522302 42346.42514693525 44529.40180535252 60879033.0
0.052001370138896164 -0.05660899470967706 -0.1384742806039867 1819.4847866755797 6.726001910791367 43303.96179522302 42346.42514693525 44529.40180535252 60879036.0
0.051619861224025954 -0.060138678243674804 -0.13872037067631027 2324.0164779203656 6.726001910791367 43303.96179522302 42346.42514693525 44529.40180535252 60879050.0
0.05123739088594448 -0.06374340327602113 -0.13897354334767442 2347.926274988637 6.726001910791367 43303.96179522302 42346.42514693525 44529.40180535252 60879071.0
0.051089237043925095 -0.06515665274491766 -0.13907442476192955 914.253794578055 6.726001910791367 43303.96179522302 42346.42514693525 44529.40180535252 60879091.0
0.05070916756812949 -0.06884418345725862 -0.13934142552898265 2364.4550778292823 6.726001910791367 43303.96179522302 42346.42514693525 44529.40180535252 60879094.0
0.05032813993602758 -0.07261518115410581 -0.13961687801929656 2390.521339167 6.726001910791367 43303.96179522302 42346.42514693525 44529.40180535252 60879115.0
0.04986157223174814 -0.0773401798287523 -0.13997090475459117 2088.877784602273 6.726001910791367 43303.96179522302 42346.42514693525 44529.40180535252 60879136.0
0.04948256610077806 -0.08127716753369896 -0.14026989078411134 2427.951788401776 6.726001910791367 43303.96179522302 42346.42514693525 44529.40180535252 60879154.0
0.04902082708576927 -0.08619275413366267 -0.1406538258161163 2441.879375843339 6.726001910791367 43303.96179522302 42346.42514693525 44529.40180535252 60879179.0
0.04865000530844554 -0.09030306125350762 -0.14097614026104566 2429.6539378535513 6.726001910791367 43303.96179522302 42346.42514693525 44529.40180535252 60879202.0
0.04819729427981656 -0.0956640516378684 -0.14140158193185925 2405.1137491455434 6.726001910791367 43303.96179522302 42346.42514693525 44529.40180535252 60879225.0
0.04784378647309495 -0.10009900320437737 -0.14175316277396632 2400.659419766393 6.726001910791367 43303.96179522302 42346.42514693525 44529.40180535252 60879246.0
0.04744490913435584 -0.1054129899275722 -0.14217718150030123 2181.324423748578 6.726001910791367 43303.96179522302 42346.42514693525 44529.40180535252 60879268.0
0.04709471189562464 -0.11022634724213276 -0.14256474356807303 2452.262648315359 6.726001910791367 43303.96179522302 42346.42514693525 44529.40180535252 60879285.0
0.04674581223662244 -0.11511421916657127 -0.1429643909796141 2457.434542328815 6.726001910791367 43303.96179522302 42346.42514693525 44529.40180535252 60879307.0
0.046329292374139186 -0.12110308757837629 -0.1434620698200888 2454.2645538816623 6.726001910791367 43303.96179522302 42346.42514693525 44529.40180535252 60879332.0
0.1038413315982325 -0.02366738621640252 -0.12594553620147053 2136.631973856879 6.726001910791367 43303.96179522302 42346.42514693525 44529.40180535252 60882944.0
0.10356041790510062 -0.025586947922420222 -0.12647776300582336 2323.6121356659387 6.726001910791367 43303.96179522302 42346.42514693525 44529.40180535252 60882953.0
0.10327640677132877 -0.027580696623772383 -0.12702765135327354 2389.8022462923177 6.726001910791367 43303.96179522302 42346.42514693525 44529.40180535252 60882963.0
0.10288108553504571 -0.030414197899517603 -0.12780262207525084 2424.9431262931644 6.726001910791367 43303.96179522302 42346.42514693525 44529.40180535252 60882974.0
0.10260075924452394 -0.03248694429930765 -0.1283660447152215 2427.4232706362795 6.726001910791367 43303.96179522302 42346.42514693525 44529.40180535252 60882985.0
