0.06514198421791662 0.13178735305700684 -1.8969933331827633 814.074122966621 22.185180000000006 66182.76621582735 63864.34592374101 68835.16801294965
-0.6780593126750318 -2.9055414029571693 -1.4639961578068323 998.0302737882507 22.185180000000006 66182.76621582735 63864.34592374101 68835.16801294965
-3.9475777752668364 11.99712590850686 -16.2296724896878 904.0833472316565 22.185180000000006 66182.76621582735 63864.34592374101 68835.16801294965
7.903146333846962 -6.572560607550258 -18.3142399656208 1438.6760410472234 22.185180000000006 66182.76621582735 63864.34592374101 68835.16801294965
10.257641916061402 -7.3228321933420375 -14.591115439645364 910.0839752768861 22.185180000000006 66182.76621582735 63864.34592374101 68835.16801294965
8.542119003235712 -4.764398395360331 -19.12392753569293 1350.168540324218 22.185180000000006 66182.76621582735 63864.34592374101 68835.16801294965
2.3791396727756364 4.473799584491644 -19.97198905647383 1027.0185304444444 22.185180000000006 66182.76621582735 63864.34592374101 68835.16801294965
2.016675742022926 -8.927409790834645 -17.590400022279937 800.0774164622422 22.185180000000006 66182.76621582735 63864.34592374101 68835.16801294965
3.542976230601198 6.149805541230307 -20.2792111072049 904.6556629363529 22.185180000000006 66182.76621582735 63864.34592374101 68835.16801294965
15.37173260023701 1.3829387534206035 -13.435191956610652 776.4990734689677 22.185180000000006 66182.76621582735 63864.34592374101 68835.16801294965
-1.7816731756174704 2.2103830783526064 -16.167709673318313 782.4384912822655 22.185180000000006 66182.76621582735 63864.34592374101 68835.16801294965
7.366196922244853 1.562270836911921 -17.48239437774464 953.4868046743392 22.185180000000006 66182.76621582735 63864.34592374101 68835.16801294965
9.029354149286519 0.3184982137536281 -18.46714743760822 1119.1803034116965 22.185180000000006 66182.76621582735 63864.34592374101 68835.16801294965
12.88563325101859 -10.823890972555091 -13.46971105405828 833.8764377965912 22.185180000000006 66182.76621582735 63864.34592374101 68835.16801294965
-1.9042401652986882 0.9629340160245192 -17.307808584184386 870.9311610142037 22.185180000000006 66182.76621582735 63864.34592374101 68835.16801294965
-3.0074381361773703 6.692822924240318 -16.883661191677675 2561.700156840944 22.185180000000006 66182.76621582735 63864.34592374101 68835.16801294965
-0.835047982094693 3.083138068410335 -21.66310100146802 1151.24229047999 22.185180000000006 66182.76621582735 63864.34592374101 68835.16801294965
6.696191025097505 -5.193635547657323 -14.64679965096002 2406.0331884920006 22.185180000000006 66182.76621582735 63864.34592374101 68835.16801294965
0.9127119797922205 -11.508521514158929 -13.760264105381793 1646.5438340771964 22.185180000000006 66182.76621582735 63864.34592374101 68835.16801294965
-1.34580009309866 3.7855103906113072 -15.872339681445737 1078.9811455097765 22.185180000000006 66182.76621582735 63864.34592374101 68835.16801294965
1.9867757610918488 3.532048488705186 -21.474660519801546 842.0031625310254 22.185180000000006 66182.76621582735 63864.34592374101 68835.16801294965
-2.60303872685472 4.740352356049698 -14.039706969750114 817.4872438022484 22.185180000000006 66182.76621582735 63864.34592374101 68835.16801294965
9.680886141388328 5.533651832854957 -18.347637215832947 770.8230610107511 22.185180000000006 66182.76621582735 63864.34592374101 68835.16801294965
-1.989228479898884 -14.116207432060037 -16.420316729927436 1282.2214966762015 22.185180000000006 66182.76621582735 63864.34592374101 68835.16801294965
-5.435996694868663 -16.43672100058029 -13.160599662878667 933.5025187137062 22.185180000000006 66182.76621582735 63864.34592374101 68835.16801294965
8.692561877469416 -15.322516577180068 13.363835181851755 1452.922264236265 22.185180000000006 66182.76621582735 63864.34592374101 68835.16801294965
6.239280642941594 -13.404951338859973 9.159253759818967 906.4480617308787 22.185180000000006 66182.76621582735 63864.34592374101 68835.16801294965
4.996216564075439 -15.061501326184953 3.303221345806378 817.351876552323 22.185180000000006 66182.76621582735 63864.34592374101 68835.16801294965
-4.252935902724857 -15.660959807239124 -2.919290747944615 897.1793600946995 22.185180000000006 66182.76621582735 63864.34592374101 68835.16801294965
-0.5212322090228554 -12.517685842765786 -8.703577073305496 761.3329990211726 22.185180000000006 66182.76621582735 63864.34592374101 68835.16801294965
-1.5798445772816194 -14.296900786503102 8.180247814016184 808.034623837536 22.185180000000006 66182.76621582735 63864.34592374101 68835.16801294965
3.4860643331630854 -16.911458609742112 -4.19201508469996 845.8364698166738 22.185180000000006 66182.76621582735 63864.34592374101 68835.16801294965
0.6675570514344145 -20.60336679732427 3.9299549168208614 826.7433672687998 22.185180000000006 66182.76621582735 63864.34592374101 68835.16801294965
-3.3476639245345723 -13.37463047393976 -0.24350823007989675 907.4923906670105 22.185180000000006 66182.76621582735 63864.34592374101 68835.16801294965
12.181890714986366 -12.209989361494081 -2.3527507920516655 1283.919182668745 22.185180000000006 66182.76621582735 63864.34592374101 68835.16801294965
3.7914188123395434 -13.950348734520958 -6.845079280828941 835.1766687146285 22.185180000000006 66182.76621582735 63864.34592374101 68835.16801294965
-4.077497273145127 -15.273371104209218 -2.283401909910026 1149.1128348511204 22.185180000000006 66182.76621582735 63864.34592374101 68835.16801294965
2.3418154634855455 -18.29278523605899 5.576676644384861 862.617080263748 22.185180000000006 66182.76621582735 63864.34592374101 68835.16801294965
-6.263302452149219 -14.599642492896237 6.616246500911075 776.9214314821905 22.185180000000006 66182.76621582735 63864.34592374101 68835.16801294965
17.29091652437637 -13.056281646422576 4.630565266328631 757.7874505514156 22.185180000000006 66182.76621582735 63864.34592374101 68835.16801294965
3.1999682079040213 -15.617956308735302 -8.099332475234405 855.8871533517466 22.185180000000006 66182.76621582735 63864.34592374101 68835.16801294965
-1.3105205459578428 -16.478296125133056 2.787613278342178 2055.8662009589743 22.185180000000006 66182.76621582735 63864.34592374101 68835.16801294965
-1.8894811256031971 -19.621220649321913 -3.3737394940835657 1153.597167950273 22.185180000000006 66182.76621582735 63864.34592374101 68835.16801294965
14.060424864321249 -14.801395295849943 1.1698118927452015 866.5977011222859 22.185180000000006 66182.76621582735 63864.34592374101 68835.16801294965
14.360070532231475 -12.670534910816059 5.595019304775633 758.1095852046582 22.185180000000006 66182.76621582735 63864.34592374101 68835.16801294965
4.527716373340809 -18.440296580069116 -10.221833632866037 860.5473520794028 22.185180000000006 66182.76621582735 63864.34592374101 68835.16801294965
-5.65521520767652 -20.986755981153692 -3.8754694874951383 1314.4185794833027 22.185180000000006 66182.76621582735 63864.34592374101 68835.16801294965
-0.030013321680598892 -14.364199101022677 -8.435765794929466 885.5194967154177 22.185180000000006 66182.76621582735 63864.34592374101 68835.16801294965
2.546552662795875 -19.123217125241354 -0.22105038430891 875.3076469984619 22.185180000000006 66182.76621582735 63864.34592374101 68835.16801294965
3.9001219799829414 -17.577937409521837 -3.6363625726808095 1155.010543982724 22.185180000000006 66182.76621582735 63864.34592374101 68835.16801294965
11.098446942589362 -11.89364834519074 5.734750807561795 1539.7342104928166 22.185180000000006 66182.76621582735 63864.34592374101 68835.16801294965
1.7810310904606013 -18.75559213316592 0.39188219407515135 846.5339610073241 22.185180000000006 66182.76621582735 63864.34592374101 68835.16801294965
-2.6257500540523324 -20.42106244556635 -0.6332130104274256 1068.6504192436848 22.185180000000006 66182.76621582735 63864.34592374101 68835.16801294965
4.964722095508478 -20.483421459561214 -6.213257334267837 798.2873559953147 22.185180000000006 66182.76621582735 63864.34592374101 68835.16801294965
-2.518471076269634 -17.207256293775572 4.757550759182777 1734.132222637112 22.185180000000006 66182.76621582735 63864.34592374101 68835.16801294965
6.326854218292283 -12.412129043223104 -6.061572456368594 1133.4610441687912 22.185180000000006 66182.76621582735 63864.34592374101 68835.16801294965
11.885838157890248 -12.512752238610119 -5.373928553541191 2105.321741430498 22.185180000000006 66182.76621582735 63864.34592374101 68835.16801294965
10.310042012264603 -0.26068428692087764 -10.3075213880511 1233.5564963987736 22.185180000000006 66182.76621582735 63864.34592374101 68835.16801294965
12.027778466086602 3.057226957011153 11.576035009056795 941.8579059458565 22.185180000000006 66182.76621582735 63864.34592374101 68835.16801294965
-2.4822661184734898 6.019873581601132 9.233122385441675 876.7222006484394 22.185180000000006 66182.76621582735 63864.34592374101 68835.16801294965
-0.3426759429712547 -3.92095806094585 -9.53758320628549 820.8720561151387 22.185180000000006 66182.76621582735 63864.34592374101 68835.16801294965
14.486316014648764 5.612644804816227 12.976812490873272 840.8683669208083 22.185180000000006 66182.76621582735 63864.34592374101 68835.16801294965
0.4500898158730706 2.183713184625958 7.7975817268306855 769.4224459632154 22.185180000000006 66182.76621582735 63864.34592374101 68835.16801294965
-6.168888430096558 -2.292091801573406 -3.3388220948254457 976.9536090968188 22.185180000000006 66182.76621582735 63864.34592374101 68835.16801294965
-2.056021208758466 -7.467816333548399 -10.169271225502598 838.8293287456073 22.185180000000006 66182.76621582735 63864.34592374101 68835.16801294965
-1.8891307984449668 -10.196898603106092 -9.657445975783048 793.4640975621323 22.185180000000006 66182.76621582735 63864.34592374101 68835.16801294965
-2.4302206496649887 -10.773953259296832 -10.679330861341441 1279.1792531065016 22.185180000000006 66182.76621582735 63864.34592374101 68835.16801294965
3.33536106646352 -1.8011385714635253 -12.051432882159133 916.6315806039491 22.185180000000006 66182.76621582735 63864.34592374101 68835.16801294965
3.9284306178597035 -4.183949182683136 8.537782870727824 802.6799571600179 22.185180000000006 66182.76621582735 63864.34592374101 68835.16801294965
-5.700794853342813 -10.145688084965514 2.070456149725942 808.5211284138351 22.185180000000006 66182.76621582735 63864.34592374101 68835.16801294965
18.991229592124 -2.6580295917374315 -6.227513742342126 1447.6748096024924 22.185180000000006 66182.76621582735 63864.34592374101 68835.16801294965
-0.5834625154529931 -6.493810534979275 -9.600295014912263 829.3595065166511 22.185180000000006 66182.76621582735 63864.34592374101 68835.16801294965
9.648296120634768 -9.565067577765149 -6.110834006103687 1028.1767953462172 22.185180000000006 66182.76621582735 63864.34592374101 68835.16801294965
1.243884983297903 -9.439406554956804 5.410772578063188 911.3254729929666 22.185180000000006 66182.76621582735 63864.34592374101 68835.16801294965
17.80101867929625 -5.307906150861527 -11.782189849182032 765.6903626388514 22.185180000000006 66182.76621582735 63864.34592374101 68835.16801294965
-1.041177165985573 8.175464823216316 9.104268627488636 926.6074716258267 22.185180000000006 66182.76621582735 63864.34592374101 68835.16801294965
9.935465619462775 -8.822797608372639 4.116387043861323 1144.487026252461 22.185180000000006 66182.76621582735 63864.34592374101 68835.16801294965
14.412299695730326 -2.414872483292129 10.434726095365477 1035.3232350697274 22.185180000000006 66182.76621582735 63864.34592374101 68835.16801294965
-2.5620221111748833 5.06266543721722 -7.739414368435973 1118.219191433129 22.185180000000006 66182.76621582735 63864.34592374101 68835.16801294965
9.883998671051813 -6.495097313127189 -9.061292788377614 866.1310379265761 22.185180000000006 66182.76621582735 63864.34592374101 68835.16801294965
1.0857547212799545 -11.52724934284197 10.376295777707128 1010.4484380979536 22.185180000000006 66182.76621582735 63864.34592374101 68835.16801294965
18.025516533962218 8.348856950113259 -7.205022936410387 968.4987762515859 22.185180000000006 66182.76621582735 63864.34592374101 68835.16801294965
-5.803400918157422 -6.125888886192115 -11.941291698705754 1934.0640548919666 22.185180000000006 66182.76621582735 63864.34592374101 68835.16801294965
20.857973080157535 3.8962725877863704 1.036253366182791 761.3169198141206 22.185180000000006 66182.76621582735 63864.34592374101 68835.16801294965
15.17205479630502 -4.531693451557658 -9.045007517925114 938.2583245219058 22.185180000000006 66182.76621582735 63864.34592374101 68835.16801294965
9.39361047456623 7.654929836302472 6.732207454610034 763.184062251794 22.185180000000006 66182.76621582735 63864.34592374101 68835.16801294965
13.672296244796598 3.40124518959783 2.600841460400261 1530.060081299054 22.185180000000006 66182.76621582735 63864.34592374101 68835.16801294965
1.3144292258366477 -3.6394167259932146 4.980904691212345 1243.3116071597374 22.185180000000006 66182.76621582735 63864.34592374101 68835.16801294965
19.645487380490522 -1.8153623341349885 1.8945679256285075 833.683338250692 22.185180000000006 66182.76621582735 63864.34592374101 68835.16801294965
8.892988988591242 -5.470819830014079 6.208707647776464 959.1477950069219 22.185180000000006 66182.76621582735 63864.34592374101 68835.16801294965
-2.2967594629881205 -10.204035380957066 0.94269640375569 1043.422867840955 22.185180000000006 66182.76621582735 63864.34592374101 68835.16801294965
-1.1939146137738135 -2.9656871358674834 13.334892092621885 826.3237100769362 22.185180000000006 66182.76621582735 63864.34592374101 68835.16801294965
16.72946601631702 -7.762193120768643 -0.8647229727503145 978.3718571085026 22.185180000000006 66182.76621582735 63864.34592374101 68835.16801294965
16.000468908052426 2.842907820333494 5.350066154322121 1194.7418499566259 22.185180000000006 66182.76621582735 63864.34592374101 68835.16801294965
16.302336506094434 -9.926502652473573 9.16643193247728 803.4698192336494 22.185180000000006 66182.76621582735 63864.34592374101 68835.16801294965
12.344404548581224 6.735370890404738 9.036138878873317 974.5329990073673 22.185180000000006 66182.76621582735 63864.34592374101 68835.16801294965
7.509974869841244 -8.320396476432506 -7.846199731240631 849.6085282135242 22.185180000000006 66182.76621582735 63864.34592374101 68835.16801294965
12.731153617118252 -1.7623184726689942 10.116032790392637 777.2337488103292 22.185180000000006 66182.76621582735 63864.34592374101 68835.16801294965
12.710768592529348 -3.0219152154168114 -9.656271811458282 778.3328471437432 22.185180000000006 66182.76621582735 63864.34592374101 68835.16801294965
-5.994586921500741 -9.009776418977708 4.523787991114659 1150.96960981304 22.185180000000006 66182.76621582735 63864.34592374101 68835.16801294965
8.857431341195479 4.577865831517556 -5.413460710144136 1193.5121078846691 22.185180000000006 66182.76621582735 63864.34592374101 68835.16801294965
14.498103086647461 -8.139101423235843 5.419531251027365 855.639158441009 22.185180000000006 66182.76621582735 63864.34592374101 68835.16801294965
10.841044349726872 -8.344782901185681 -12.164210276692756 768.2579908734215 22.185180000000006 66182.76621582735 63864.34592374101 68835.16801294965
-5.170481679451768 0.8691997158675804 10.406689033654402 1208.203793546648 22.185180000000006 66182.76621582735 63864.34592374101 68835.16801294965
17.81499198822712 8.417408937792061 2.851478574986686 856.4142311320377 22.185180000000006 66182.76621582735 63864.34592374101 68835.16801294965
10.337564382847631 -6.809576919979008 10.64605576057511 855.4670758674285 22.185180000000006 66182.76621582735 63864.34592374101 68835.16801294965
3.0877971650188556 -10.373632650313084 -8.17440633638762 788.2973775082532 22.185180000000006 66182.76621582735 63864.34592374101 68835.16801294965
10.100584831176093 0.9700079845715663 13.319792766022147 857.4684008774161 22.185180000000006 66182.76621582735 63864.34592374101 68835.16801294965
4.583824776855181 -2.9899626158730825 -0.41449205146636814 827.4169338242116 22.185180000000006 66182.76621582735 63864.34592374101 68835.16801294965
19.752030507064774 -4.895938467634551 0.7779574140440673 1259.3539539769667 22.185180000000006 66182.76621582735 63864.34592374101 68835.16801294965
11.721923398858053 -6.407146033569006 9.596289011722547 753.7684592104468 22.185180000000006 66182.76621582735 63864.34592374101 68835.16801294965
12.834250501706265 -2.6698543074453482 11.854747346194927 996.3209179332582 22.185180000000006 66182.76621582735 63864.34592374101 68835.16801294965
4.574834806859144 5.987368073227117 -4.500762048191973 1007.5385681577942 22.185180000000006 66182.76621582735 63864.34592374101 68835.16801294965
11.650183037490933 -5.222041298322438 8.18448042217642 1152.607201349783 22.185180000000006 66182.76621582735 63864.34592374101 68835.16801294965
16.225758845714154 5.460734228130605 -6.941575126445969 1026.1301707379632 22.185180000000006 66182.76621582735 63864.34592374101 68835.16801294965
17.759902505291393 1.0151050210988615 -5.797930539483787 830.8163601579645 22.185180000000006 66182.76621582735 63864.34592374101 68835.16801294965
15.509459535969654 6.824115568728303 -8.744307637578459 757.5445417170487 22.185180000000006 66182.76621582735 63864.34592374101 68835.16801294965
17.040784109281958 -5.638254017183499 1.8018732318014372 966.0121117836093 22.185180000000006 66182.76621582735 63864.34592374101 68835.16801294965
8.924509059695993 -3.386344925085723 2.0081692305830074 1301.7546692258438 22.185180000000006 66182.76621582735 63864.34592374101 68835.16801294965
14.010353828314692 -9.461227720239549 -7.6881536908622365 860.6825898377433 22.185180000000006 66182.76621582735 63864.34592374101 68835.16801294965
17.245604360548896 -1.4711125747853657 12.021921525592916 808.1126296204943 22.185180000000006 66182.76621582735 63864.34592374101 68835.16801294965
-0.38260396565601695 0.08352764376468258 21.29096646705875 765.7395349812451 22.185180000000006 66182.76621582735 63864.34592374101 68835.16801294965
7.113466539551155 6.072494512314734 17.7012414723431 1067.6067428612662 22.185180000000006 66182.76621582735 63864.34592374101 68835.16801294965
10.761575085227378 -1.2110655606375076 17.928614088217728 793.4211951271246 22.185180000000006 66182.76621582735 63864.34592374101 68835.16801294965
-2.414948520672624 -10.048193816459388 19.419899766828166 777.794858260476 22.185180000000006 66182.76621582735 63864.34592374101 68835.16801294965
8.79522212005395 1.047586052591214 15.07815734372707 1285.1815883694242 22.185180000000006 66182.76621582735 63864.34592374101 68835.16801294965
1.0060856958007207 -3.0114709929621313 18.377820268578944 842.0485994747826 22.185180000000006 66182.76621582735 63864.34592374101 68835.16801294965
0.6407613588089589 -4.22494711670879 14.232114385653404 865.6142239337235 22.185180000000006 66182.76621582735 63864.34592374101 68835.16801294965
12.12259936213377 -1.059243696370686 14.904266941768583 815.2102772296666 22.185180000000006 66182.76621582735 63864.34592374101 68835.16801294965
-2.1579207795875845 2.011615338815318 14.346869877263089 1012.6092753867837 22.185180000000006 66182.76621582735 63864.34592374101 68835.16801294965
-3.8549631366768153 -6.096523172840534 19.89264396073122 884.6606021187955 22.185180000000006 66182.76621582735 63864.34592374101 68835.16801294965
12.077751464850735 -4.697461078103515 14.222783736520796 806.213402051014 22.185180000000006 66182.76621582735 63864.34592374101 68835.16801294965
13.713472711635404 0.6023401523634675 17.29201188586012 1394.366846776048 22.185180000000006 66182.76621582735 63864.34592374101 68835.16801294965
13.426205597133958 1.6695551752491156 15.07431507614092 1313.337151016432 22.185180000000006 66182.76621582735 63864.34592374101 68835.16801294965
-4.43247698887717 16.218150645501737 3.477875542579568 755.6703862217878 22.185180000000006 66182.76621582735 63864.34592374101 68835.16801294965
13.963694991805824 13.29654422547901 -9.781207639942295 770.9419347233113 22.185180000000006 66182.76621582735 63864.34592374101 68835.16801294965
0.23424219350272324 17.68515718611161 -5.772216486453544 1055.9975652302558 22.185180000000006 66182.76621582735 63864.34592374101 68835.16801294965
5.997867234706064 10.071438799670432 2.2700052603177028 785.6723294848694 22.185180000000006 66182.76621582735 63864.34592374101 68835.16801294965
6.273245848919032 11.611137712934578 12.655715978093212 805.4728330278238 22.185180000000006 66182.76621582735 63864.34592374101 68835.16801294965
13.579240882463637 9.305241512018256 13.170937109694933 899.0223563297989 22.185180000000006 66182.76621582735 63864.34592374101 68835.16801294965
3.186063777000527 9.892508408811409 -5.965297759394161 970.1668170766732 22.185180000000006 66182.76621582735 63864.34592374101 68835.16801294965
5.05933911955799 10.467563078891544 -11.020100480003748 803.2499699018972 22.185180000000006 66182.76621582735 63864.34592374101 68835.16801294965
5.001231316404301 13.708812710603524 -12.27480062340328 1130.4459117474407 22.185180000000006 66182.76621582735 63864.34592374101 68835.16801294965
8.38837286416674 13.730850037369237 3.527474133952637 904.7821658821981 22.185180000000006 66182.76621582735 63864.34592374101 68835.16801294965
7.30567717635131 12.098116041895992 8.695043543339125 1117.9407158296267 22.185180000000006 66182.76621582735 63864.34592374101 68835.16801294965
-2.0136165286239702 15.910689777272637 -8.428086883635842 1207.0009947593253 22.185180000000006 66182.76621582735 63864.34592374101 68835.16801294965
10.340818327487796 11.712901725833945 13.978400528867496 862.8009917084114 22.185180000000006 66182.76621582735 63864.34592374101 68835.16801294965
16.243145600426942 9.489910801901715 6.705891973790131 1642.46946351999 22.185180000000006 66182.76621582735 63864.34592374101 68835.16801294965
-6.214401046352577 13.811387833193294 -6.105337883229367 792.5371152729506 22.185180000000006 66182.76621582735 63864.34592374101 68835.16801294965
16.540946992565296 11.448395537387114 -8.792428201515577 943.2154876936593 22.185180000000006 66182.76621582735 63864.34592374101 68835.16801294965
-2.867413884945563 19.67315576303372 -3.4669779669784475 888.1448633069275 22.185180000000006 66182.76621582735 63864.34592374101 68835.16801294965
12.672017393429996 9.525234203829314 -10.790906653215643 958.6729368690458 22.185180000000006 66182.76621582735 63864.34592374101 68835.16801294965
-2.81766577649978 12.20369151878549 -4.45036695280578 815.884475876811 22.185180000000006 66182.76621582735 63864.34592374101 68835.16801294965
-4.369615650546621 10.141434753779322 -10.599754447452142 2081.412542071325 22.185180000000006 66182.76621582735 63864.34592374101 68835.16801294965
11.466797677319846 17.131761520329746 -5.366911397693912 1609.65593261465 22.185180000000006 66182.76621582735 63864.34592374101 68835.16801294965
9.345954829826951 9.345034326070163 10.132657412963454 1087.8489479858495 22.185180000000006 66182.76621582735 63864.34592374101 68835.16801294965
-0.5024889404594433 13.159699385483691 13.413654713513097 768.5264128861858 22.185180000000006 66182.76621582735 63864.34592374101 68835.16801294965
7.031186745327432 12.927209231980669 15.774228865047917 1150.128969373123 22.185180000000006 66182.76621582735 63864.34592374101 68835.16801294965
-13.044338935767883 3.6664271173794987 -6.664049621322192 1288.430032639118 22.185180000000006 66182.76621582735 63864.34592374101 68835.16801294965
-7.277602679474512 4.220801910138107 2.051459024398355 828.7466899275911 22.185180000000006 66182.76621582735 63864.34592374101 68835.16801294965
-10.011084097830462 2.6560907253151527 5.7700542817037785 756.2712951415459 22.185180000000006 66182.76621582735 63864.34592374101 68835.16801294965
-13.491335610306123 10.47491313838691 4.784255362552358 1561.6911739738207 22.185180000000006 66182.76621582735 63864.34592374101 68835.16801294965
-8.383039783511776 14.269192951200239 -4.512649055963266 1219.2167035665523 22.185180000000006 66182.76621582735 63864.34592374101 68835.16801294965
-6.456321525212843 -1.3330540116512566 18.366552798906923 1364.570277576097 22.185180000000006 66182.76621582735 63864.34592374101 68835.16801294965
-6.807957954151789 -17.582131795999885 -2.600111072169966 995.7396660587349 22.185180000000006 66182.76621582735 63864.34592374101 68835.16801294965
-13.86528536163678 -17.124830438282515 1.255934993736446 3068.8715429087338 22.185180000000006 66182.76621582735 63864.34592374101 68835.16801294965
-8.72967794619035 -16.602918385622615 8.552284167992184 752.7246495563901 22.185180000000006 66182.76621582735 63864.34592374101 68835.16801294965
-7.610213145104353 -6.025803684933635 -1.2933697770786239 1124.6397434328387 22.185180000000006 66182.76621582735 63864.34592374101 68835.16801294965
-7.035067179764155 -14.78450513252028 4.449579481850378 1019.1402815551621 22.185180000000006 66182.76621582735 63864.34592374101 68835.16801294965
-10.216595439327648 -8.606592483127315 -1.059100816040882 985.3635108129201 22.185180000000006 66182.76621582735 63864.34592374101 68835.16801294965
-7.814311326437746 -10.60389782825223 -1.2588043258874677 796.0137580565959 22.185180000000006 66182.76621582735 63864.34592374101 68835.16801294965
-7.390547639632132 -12.60397304174694 -4.143560527139925 765.9189487598294 22.185180000000006 66182.76621582735 63864.34592374101 68835.16801294965
-9.879965866581188 -6.1172281329199905 -7.839135143382009 837.257195104959 22.185180000000006 66182.76621582735 63864.34592374101 68835.16801294965
-7.999117145038326 -1.902261870491202 0.7980105760361766 2673.6122685464215 22.185180000000006 66182.76621582735 63864.34592374101 68835.16801294965
-12.062992024904815 -3.3732780001155334 1.6455463678576052 764.4864933797072 22.185180000000006 66182.76621582735 63864.34592374101 68835.16801294965
-10.898624535213457 -14.756690516107483 -2.449937107216101 822.6843640185974 22.185180000000006 66182.76621582735 63864.34592374101 68835.16801294965
-19.816990850202274 -4.1341087532637175 6.566063704129192 1114.9276963829795 22.185180000000006 66182.76621582735 63864.34592374101 68835.16801294965
-8.049727161662304 -6.279630559416546 3.236028623956372 774.4222351784564 22.185180000000006 66182.76621582735 63864.34592374101 68835.16801294965
-10.85912165796617 -6.726796483075304 -4.006181387143442 2059.4532929570396 22.185180000000006 66182.76621582735 63864.34592374101 68835.16801294965
-8.275784624973312 -12.033202254460775 5.6798741496459115 1396.253661347616 22.185180000000006 66182.76621582735 63864.34592374101 68835.16801294965
-16.449349953167257 -2.975336761395738 9.371559833642095 1049.1906851803612 22.185180000000006 66182.76621582735 63864.34592374101 68835.16801294965
-8.234928034085897 -14.537143334215216 -7.042867128926446 1495.2248564816612 22.185180000000006 66182.76621582735 63864.34592374101 68835.16801294965
-11.575981980509823 -14.098500061300001 -8.13716952507093 2029.3339437989096 22.185180000000006 66182.76621582735 63864.34592374101 68835.16801294965
-11.814921280965791 -15.078720539138885 3.5315080844738986 1033.4269020376394 22.185180000000006 66182.76621582735 63864.34592374101 68835.16801294965
-13.259837650461122 -4.54192126091948 7.285789400237263 1107.3818597047073 22.185180000000006 66182.76621582735 63864.34592374101 68835.16801294965
-15.140881223022006 -9.927685525763081 9.59160290226282 817.7143736587519 22.185180000000006 66182.76621582735 63864.34592374101 68835.16801294965
-8.855946463620057 -0.8150108389017987 6.72825515155273 1295.8881872526408 22.185180000000006 66182.76621582735 63864.34592374101 68835.16801294965
-10.166391767401365 -4.730029593301879 5.615212174947374 1134.6942814678025 22.185180000000006 66182.76621582735 63864.34592374101 68835.16801294965
-15.707608779383008 1.8166338223745697 4.829715884145116 851.7571732746636 22.185180000000006 66182.76621582735 63864.34592374101 68835.16801294965
-15.982605575802154 -0.9542865664770943 12.777680938976118 2303.098042320663 22.185180000000006 66182.76621582735 63864.34592374101 68835.16801294965
-9.840032242718735 -11.363827437031432 -5.765032007650007 880.0081812343606 22.185180000000006 66182.76621582735 63864.34592374101 68835.16801294965
-6.883937928272644 -3.8089230303885415 -7.482536291150609 791.0466208432684 22.185180000000006 66182.76621582735 63864.34592374101 68835.16801294965
-14.67897084026481 -3.4170066818842315 6.781480634555919 849.4498546804386 22.185180000000006 66182.76621582735 63864.34592374101 68835.16801294965
-7.7113778522616485 -6.06837733276916 4.81477426753554 793.4745500595018 22.185180000000006 66182.76621582735 63864.34592374101 68835.16801294965
-9.351049857592443 -9.875853126235597 -14.071244730133913 1222.2497619929063 22.185180000000006 66182.76621582735 63864.34592374101 68835.16801294965
-6.836664178073988 -15.82554501856066 -13.540150648535928 1307.0923741084237 22.185180000000006 66182.76621582735 63864.34592374101 68835.16801294965
-9.417471338514588 -5.941052110712917 -10.421983359454316 928.6818045521665 22.185180000000006 66182.76621582735 63864.34592374101 68835.16801294965
-16.16258364864916 3.308140933608229 -11.519443523095106 964.9753574263497 22.185180000000006 66182.76621582735 63864.34592374101 68835.16801294965
