0.05819833873101743 -0.059497897505934816 -0.06919774223933928 1864.3885768653195 6.7613734051798575 43442.553429467625 42473.80277267626 44677.90124018705 60811945.0
0.06199780175666092 -0.06479505344032077 -0.06771832328377059 1846.6961729492857 6.7613734051798575 43442.553429467625 42473.80277267626 44677.90124018705 60811974.0
0.06547175014566164 -0.06932470825995551 -0.06634699217102025 1835.8789201370053 6.7613734051798575 43442.553429467625 42473.80277267626 44677.90124018705 60812003.0
0.0967713479694794 -0.051798249303828925 -0.05011614826071309 2343.326764492766 6.7613734051798575 43442.553429467625 42473.80277267626 44677.90124018705 60814361.0
0.09738385667151306 -0.0569556448244839 -0.049145178294565994 2337.3026271664066 6.7613734051798575 43442.553429467625 42473.80277267626 44677.90124018705 60814401.0
0.09805644949665293 -0.061739101220155135 -0.048185916857619304 2333.1688373432016 6.7613734051798575 43442.553429467625 42473.80277267626 44677.90124018705 60814441.0
0.09894473547319649 -0.0672155616703094 -0.0470179839830962 2274.677228501955 6.7613734051798575 43442.553429467625 42473.80277267626 44677.90124018705 60814479.0
0.09983508693403564 -0.0720710608002264 -0.04591676974814618 2272.054854027308 6.7613734051798575 43442.553429467625 42473.80277267626 44677.90124018705 60814512.0
0.10100707250239793 -0.07778927678737091 -0.04453666873450857 2215.9759245816504 6.7613734051798575 43442.553429467625 42473.80277267626 44677.90124018705 60814543.0
0.10210887344874209 -0.08263781644927803 -0.043289599707350135 2215.178367784967 6.7613734051798575 43442.553429467625 42473.80277267626 44677.90124018705 60814572.0
0.10363856724870857 -0.08871771445410559 -0.041622193522925954 2160.1946676148114 6.7613734051798575 43442.553429467625 42473.80277267626 44677.90124018705 60814601.0
0.10515445446799276 -0.09413692194357282 -0.04001903085008962 2155.66501915744 6.7613734051798575 43442.553429467625 42473.80277267626 44677.90124018705 60814629.0
0.10656013274274301 -0.09870514358772198 -0.03856759346672334 2122.111049933213 6.7613734051798575 43442.553429467625 42473.80277267626 44677.90124018705 60814659.0
0.10860250682890182 -0.10465487860346911 -0.036507902019366156 2106.9377735767725 6.7613734051798575 43442.553429467625 42473.80277267626 44677.90124018705 60814688.0
0.11021942846127786 -0.1088350926656858 -0.03491400761413388 2079.3295657897256 6.7613734051798575 43442.553429467625 42473.80277267626 44677.90124018705 60814717.0
0.11085721862036735 -0.11036465256620431 -0.03429365101328585 782.6399678637614 6.7613734051798575 43442.553429467625 42473.80277267626 44677.90124018705 60814746.0
0.11284561218781164 -0.11471898591116769 -0.03238166630035266 2058.340211064233 6.7613734051798575 43442.553429467625 42473.80277267626 44677.90124018705 60814748.0
0.11475883505772799 -0.118343478476163 -0.030572767711419147 2058.574235299673 6.7613734051798575 43442.553429467625 42473.80277267626 44677.90124018705 60814778.0
0.11552790378482314 -0.11965220540878363 -0.02985389292734908 783.4962763790986 6.7613734051798575 43442.553429467625 42473.80277267626 44677.90124018705 60814807.0
0.11759006421925733 -0.122733144533413 -0.027958576734818053 2007.3878113530302 6.7613734051798575 43442.553429467625 42473.80277267626 44677.90124018705 60814809.0
0.11980836017755792 -0.12536920131242368 -0.02597373436583439 2008.2501915262362 6.7613734051798575 43442.553429467625 42473.80277267626 44677.90124018705 60814837.0
0.12260520528070629 -0.1277249139311607 -0.023562938331451733 1967.9869020811834 6.7613734051798575 43442.553429467625 42473.80277267626 44677.90124018705 60814866.0
0.12515231934958138 -0.12894139785930747 -0.02147932294610655 1969.041273360174 6.7613734051798575 43442.553429467625 42473.80277267626 44677.90124018705 60814895.0
0.1262385994923534 -0.1292055151934619 -0.020625459859729744 796.263791264867 6.7613734051798575 43442.553429467625 42473.80277267626 44677.90124018705 60814924.0
-0.038273990387097 0.040653993193700444 -0.008438555290922523 1957.8461279275307 6.7613734051798575 43442.553429467625 42473.80277267626 44677.90124018705 60861436.0
-0.03864437028823886 0.04404448449349729 -0.007907831182819791 1969.3094659557419 6.7613734051798575 43442.553429467625 42473.80277267626 44677.90124018705 60861449.0
-0.03899127094337018 0.04663462495955173 -0.007513489399570972 1120.358326710579 6.7613734051798575 43442.553429467625 42473.80277267626 44677.90124018705 60861460.0
-0.03953708224435104 0.05002304192021256 -0.007016340801783372 1982.829250744542 6.7613734051798575 43442.553429467625 42473.80277267626 44677.90124018705 60861464.0
-0.0401898227937636 0.05340052994870348 -0.006538844470924232 1989.6201973683962 6.7613734051798575 43442.553429467625 42473.80277267626 44677.90124018705 60861476.0
-0.04110478040820453 0.05735098552395357 -0.00600208841933636 1994.208260047042 6.7613734051798575 43442.553429467625 42473.80277267626 44677.90124018705 60861489.0
-0.04200824184954399 0.060668031648674514 -0.005568057968048379 1997.1830604363574 6.7613734051798575 43442.553429467625 42473.80277267626 44677.90124018705 60861502.0
-0.04321766806242522 0.06447349148220383 -0.005089066798973363 1997.570790549427 6.7613734051798575 43442.553429467625 42473.80277267626 44677.90124018705 60861516.0
-0.04438802466029301 0.0676701221455005 -0.004700293255154975 1995.9667635997916 6.7613734051798575 43442.553429467625 42473.80277267626 44677.90124018705 60861529.0
-0.04531184235383989 0.06992381161398953 -0.004432629662915133 1099.7085567322076 6.7613734051798575 43442.553429467625 42473.80277267626 44677.90124018705 60861541.0
-0.046700755272468086 0.07296855808817782 -0.004080010156030767 1985.0583808863398 6.7613734051798575 43442.553429467625 42473.80277267626 44677.90124018705 60861545.0
-0.04821930333127966 0.07590392479323782 -0.003749682211491745 1977.1106286095771 6.7613734051798575 43442.553429467625 42473.80277267626 44677.90124018705 60861559.0
-0.050198183016618714 0.07923601005313685 -0.003383115603355691 1963.8738965059943 6.7613734051798575 43442.553429467625 42473.80277267626 44677.90124018705 60861573.0
-0.05199767012527445 0.08186694879259448 -0.003100226014794316 1952.6855650348814 6.7613734051798575 43442.553429467625 42473.80277267626 44677.90124018705 60861586.0
-0.0536248653952498 0.08396663945313776 -0.0028759452907252125 1208.4299942187363 6.7613734051798575 43442.553429467625 42473.80277267626 44677.90124018705 60861598.0
-0.05565855332679348 0.0862710552974022 -0.00263203772919951 1927.5374636467711 6.7613734051798575 43442.553429467625 42473.80277267626 44677.90124018705 60861603.0
-0.05696936362073757 0.08758293860591948 -0.002492902334779501 1175.765012068891 6.7613734051798575 43442.553429467625 42473.80277267626 44677.90124018705 60861614.0
-0.05920836360746762 0.08954622937744716 -0.002282085952174384 1906.8050279945244 6.7613734051798575 43442.553429467625 42473.80277267626 44677.90124018705 60861618.0
-0.061576745261845645 0.0912718149702414 -0.0020914845226798207 1896.2414194449075 6.7613734051798575 43442.553429467625 42473.80277267626 44677.90124018705 60861631.0
-0.06485814804909751 0.09312126954318956 -0.0018730266456259415 1883.1217268150838 6.7613734051798575 43442.553429467625 42473.80277267626 44677.90124018705 60861645.0
-0.06752864576264983 0.09420021078403806 -0.0017280742395087145 1875.6517058786242 6.7613734051798575 43442.553429467625 42473.80277267626 44677.90124018705 60861658.0
-0.06989382772007957 0.09485674908501096 -0.0016203809136641212 953.030105229295 6.7613734051798575 43442.553429467625 42473.80277267626 44677.90124018705 60861670.0
-0.07281210133805871 0.095302362984512 -0.0015099109368748032 1863.0560981160697 6.7613734051798575 43442.553429467625 42473.80277267626 44677.90124018705 60861673.0
-0.07587005566892913 0.09535303447046317 -0.0014179793506627902 1858.762231736869 6.7613734051798575 43442.553429467625 42473.80277267626 44677.90124018705 60861687.0
-0.08026698548201239 0.09470565879746573 -0.0013175213389331475 1854.3161753476315 6.7613734051798575 43442.553429467625 42473.80277267626 44677.90124018705 60861701.0
-0.08366190480592195 0.09364320275199134 -0.0012627410615095869 1852.9917327364778 6.7613734051798575 43442.553429467625 42473.80277267626 44677.90124018705 60861713.0
-0.08664243857492693 0.0923126139168744 -0.0012265957775525749 870.7512885916714 6.7613734051798575 43442.553429467625 42473.80277267626 44677.90124018705 60861724.0
-0.09030227190669393 0.09017391961970134 -0.0011959114272031002 1850.550872193648 6.7613734051798575 43442.553429467625 42473.80277267626 44677.90124018705 60861727.0
-0.09410855984606314 0.08736162828427041 -0.0011738456232706085 1851.1973019922102 6.7613734051798575 43442.553429467625 42473.80277267626 44677.90124018705 60861739.0
-0.0983130685708602 0.08358231568126939 -0.0011873184412252158 1236.3083216480336 6.7613734051798575 43442.553429467625 42473.80277267626 44677.90124018705 60861750.0
-0.10250732023996534 0.07907124166376889 -0.0012144279535277747 1852.0487592384852 6.7613734051798575 43442.553429467625 42473.80277267626 44677.90124018705 60861757.0
0.2293006961044739 -0.06932522026181687 -0.027488096966408193 2015.564793333138 6.7613734051798575 43442.553429467625 42473.80277267626 44677.90124018705 60878883.0
0.23004213524836814 -0.07360146368591813 -0.026155308718443848 1997.9750275369518 6.7613734051798575 43442.553429467625 42473.80277267626 44677.90124018705 60878902.0
0.23052101607026998 -0.07615182844892843 -0.025279965964728035 1199.4433629613268 6.7613734051798575 43442.553429467625 42473.80277267626 44677.90124018705 60878920.0
0.2313715342024807 -0.08033121965127066 -0.02370622119633481 1979.0194157953424 6.7613734051798575 43442.553429467625 42473.80277267626 44677.90124018705 60878925.0
0.2318778291810304 -0.08264422184583964 -0.022755428944947198 1107.0021555806752 6.7613734051798575 43442.553429467625 42473.80277267626 44677.90124018705 60878944.0
0.23283407590497518 -0.08670672484731767 -0.02093471245461842 1965.8352274039676 6.7613734051798575 43442.553429467625 42473.80277267626 44677.90124018705 60878949.0
0.23386431111430284 -0.09069305631419411 -0.018941839727631304 1965.4053116332118 6.7613734051798575 43442.553429467625 42473.80277267626 44677.90124018705 60878968.0
0.23443303896056022 -0.09274910029489547 -0.017825582028308418 1032.657902850322 6.7613734051798575 43442.553429467625 42473.80277267626 44677.90124018705 60878988.0
0.23556207833462395 -0.09654609647259349 -0.015582418513076846 1946.2912528051606 6.7613734051798575 43442.553429467625 42473.80277267626 44677.90124018705 60878992.0
0.2367580382997403 -0.10019965108949691 -0.013169563899282366 1935.6068496098412 6.7613734051798575 43442.553429467625 42473.80277267626 44677.90124018705 60879012.0
0.23733167487807805 -0.10183248615066987 -0.011998185167612974 890.402945868945 6.7613734051798575 43442.553429467625 42473.80277267626 44677.90124018705 60879033.0
0.23834961247484898 -0.10454940587078454 -0.009898351228912361 1523.1068510197815 6.7613734051798575 43442.553429467625 42473.80277267626 44677.90124018705 60879036.0
0.23972102910920512 -0.10785901695635403 -0.007035168520815205 1944.7197888406472 6.7613734051798575 43442.553429467625 42473.80277267626 44677.90124018705 60879050.0
0.24118363127490738 -0.11099172730610007 -0.003933477069949731 1963.6951288736175 6.7613734051798575 43442.553429467625 42473.80277267626 44677.90124018705 60879071.0
0.24177543785481248 -0.11214529874996515 -0.0026681205272325315 764.3214034710542 6.7613734051798575 43442.553429467625 42473.80277267626 44677.90124018705 60879091.0
0.2433674345302279 -0.11494114543165779 0.0007683768344577402 1976.0412635759824 6.7613734051798575 43442.553429467625 42473.80277267626 44677.90124018705 60879094.0
0.24506411998299882 -0.1174525221431395 0.004477872105780989 1996.7273240159695 6.7613734051798575 43442.553429467625 42473.80277267626 44677.90124018705 60879115.0
0.2472976088320138 -0.120040425179468 0.009416284745384473 1743.4803667813655 6.7613734051798575 43442.553429467625 42473.80277267626 44677.90124018705 60879136.0
0.24924825593916466 -0.12166961016919231 0.013776594394585118 2025.3861917087181 6.7613734051798575 43442.553429467625 42473.80277267626 44677.90124018705 60879154.0
0.251804836167139 -0.12294472120993305 0.019538311113137752 2035.4901321745983 6.7613734051798575 43442.553429467625 42473.80277267626 44677.90124018705 60879179.0
0.254034908117319 -0.12330825335084228 0.024611989167169668 2024.0317313978276 6.7613734051798575 43442.553429467625 42473.80277267626 44677.90124018705 60879202.0
0.2570612423514831 -0.12274172045727028 0.03156830226362217 2002.0396840936023 6.7613734051798575 43442.553429467625 42473.80277267626 44677.90124018705 60879225.0
0.25965842258301564 -0.12130603520927252 0.03759453488601139 1997.217959989977 6.7613734051798575 43442.553429467625 42473.80277267626 44677.90124018705 60879246.0
0.2628772482930799 -0.11833297311386559 0.04512772934685927 1813.5723310835024 6.7613734051798575 43442.553429467625 42473.80277267626 44677.90124018705 60879268.0
0.2658883246258483 -0.11431904845085228 0.05222877991764108 2037.7817504955005 6.7613734051798575 43442.553429467625 42473.80277267626 44677.90124018705 60879285.0
0.26901638012350304 -0.10882482090528356 0.05967550168134039 2040.939887977081 6.7613734051798575 43442.553429467625 42473.80277267626 44677.90124018705 60879307.0
0.2729165049167932 -0.09997127571114106 0.06906711499323137 2036.8903145897339 6.7613734051798575 43442.553429467625 42473.80277267626 44677.90124018705 60879332.0
0.3157205257448368 -0.048892292703385465 0.08902510960615473 1697.3801106484411 6.7613734051798575 43442.553429467625 42473.80277267626 44677.90124018705 60882944.0
0.3159175108594354 -0.04738717013242422 0.09237296252103988 1845.460832395252 6.7613734051798575 43442.553429467625 42473.80277267626 44677.90124018705 60882953.0
0.31608234141458524 -0.04537655293097487 0.09596374579996336 1897.5348181869651 6.7613734051798575 43442.553429467625 42473.80277267626 44677.90124018705 60882963.0
0.31624249110609526 -0.04167946543020662 0.10124091179022798 1924.7444026202866 6.7613734051798575 43442.553429467625 42473.80277267626 44677.90124018705 60882974.0
0.31629884080030024 -0.038314910692861304 0.10521870156662771 1926.1933902736607 6.7613734051798575 43442.553429467625 42473.80277267626 44677.90124018705 60882985.0
