-5.121201751499029 0.9478784446109785 2.8355346228418057 1020.2814141319606 21.361620250359714 61541.564416676265 59630.47085903597 64055.172956705035
2.314798338156834 6.140883967767877 5.549602423081524 759.0279091695334 21.361620250359714 61541.564416676265 59630.47085903597 64055.172956705035
-4.539491576142609 -19.515735767956357 -3.957231729880732 797.1336144084362 21.361620250359714 61541.564416676265 59630.47085903597 64055.172956705035
9.949850935066934 -17.34339363071922 5.192677376151551 3337.6261481033607 21.361620250359714 61541.564416676265 59630.47085903597 64055.172956705035
-11.231267547642346 -2.2754268809148925 -17.579746591152798 1395.4639650678778 21.361620250359714 61541.564416676265 59630.47085903597 64055.172956705035
-11.405723479365406 -6.598861038888572 -12.741001097179833 977.8427398226826 21.361620250359714 61541.564416676265 59630.47085903597 64055.172956705035
13.11531769218709 -6.390097307645192 -12.037252316455124 849.5482323771702 21.361620250359714 61541.564416676265 59630.47085903597 64055.172956705035
-3.6585073359456146 -2.0106079958713963 -18.96969359369541 1040.638297966141 21.361620250359714 61541.564416676265 59630.47085903597 64055.172956705035
-1.524833826617396 4.427903773575963 -14.93994887817098 1060.5680060220507 21.361620250359714 61541.564416676265 59630.47085903597 64055.172956705035
-10.182739995951124 0.11135093775374116 -1.484575755566766 2034.779836649486 21.361620250359714 61541.564416676265 59630.47085903597 64055.172956705035
1.2647699091976392 -7.443289084498247 1.5151445932133356 769.1292626510672 21.361620250359714 61541.564416676265 59630.47085903597 64055.172956705035
8.005426374642411 -0.4585183203598717 6.41925307657948 872.6396673199026 21.361620250359714 61541.564416676265 59630.47085903597 64055.172956705035
7.587490607998916 4.17064619960729 -11.399884767502954 792.1425667969631 21.361620250359714 61541.564416676265 59630.47085903597 64055.172956705035
8.849110259099689 -11.072026466681564 -5.631885870825499 788.007643877758 21.361620250359714 61541.564416676265 59630.47085903597 64055.172956705035
5.660653527229442 -9.270423698828381 3.44156974057114 1181.8427326487956 21.361620250359714 61541.564416676265 59630.47085903597 64055.172956705035
0.9231835207465338 -4.353434096243291 7.5705330836062785 1080.259885208833 21.361620250359714 61541.564416676265 59630.47085903597 64055.172956705035
8.253813367526163 -6.346205604058923 5.08140958736476 753.044916110763 21.361620250359714 61541.564416676265 59630.47085903597 64055.172956705035
-3.494784270216769 -0.35899318205338204 -11.109310478903353 886.8961671317568 21.361620250359714 61541.564416676265 59630.47085903597 64055.172956705035
7.456875705662242 6.138296044060553 4.312894848975702 862.1755336070916 21.361620250359714 61541.564416676265 59630.47085903597 64055.172956705035
-8.20505688956473 0.7811626418406377 0.9701441069701104 1110.4243139417204 21.361620250359714 61541.564416676265 59630.47085903597 64055.172956705035
2.690034647443099 12.262178718556243 16.469914122608316 845.3364745675885 21.361620250359714 61541.564416676265 59630.47085903597 64055.172956705035
-4.909536478931841 7.318142300908221 -11.470200090021535 866.4275577937439 21.361620250359714 61541.564416676265 59630.47085903597 64055.172956705035
6.534223973190819 8.999454864613654 -7.044791182466724 1143.736586381692 21.361620250359714 61541.564416676265 59630.47085903597 64055.172956705035
7.39147657732974 8.287654752617527 12.54193384393875 1563.297938578469 21.361620250359714 61541.564416676265 59630.47085903597 64055.172956705035
