0.3979887975001475 1.9207604898620048 1.4249860176787479 866.1310383786947 22.26032716402878 66714.29184759712 64342.56979541007 69377.40620374102
2.213416606799001 2.4185478189465357 3.0378170916374074 1259.3539547711819 22.26032716402878 66714.29184759712 64342.56979541007 69377.40620374102
-8.296015859697945 -5.280946283914091 -19.847498828647076 852.453209631117 22.26032716402878 66714.29184759712 64342.56979541007 69377.40620374102
-10.677203172017471 7.472626336726535 -17.64521273424907 1474.6379403169042 22.26032716402878 66714.29184759712 64342.56979541007 69377.40620374102
-0.5386572708375752 7.115604416401766 -18.447357179422397 865.7545607037961 22.26032716402878 66714.29184759712 64342.56979541007 69377.40620374102
-4.92176026852394 2.7689877289303695 -21.058467056660447 824.5630936523702 22.26032716402878 66714.29184759712 64342.56979541007 69377.40620374102
-0.8369632539252052 4.70611663624004 -20.16312170025776 897.1548998541487 22.26032716402878 66714.29184759712 64342.56979541007 69377.40620374102
-9.632264203770319 3.9336822088225745 -18.759684502962045 1148.1517838818752 22.26032716402878 66714.29184759712 64342.56979541007 69377.40620374102
6.883450451903627 -1.0831212785633397 -19.926361419231398 825.4460139462627 22.26032716402878 66714.29184759712 64342.56979541007 69377.40620374102
-6.034009445254924 5.113959322690789 -5.847650682044332 1233.556497353661 22.26032716402878 66714.29184759712 64342.56979541007 69377.40620374102
-5.089083920844132 1.859368865538272 -9.880033758410718 1438.6760421608922 22.26032716402878 66714.29184759712 64342.56979541007 69377.40620374102
-5.80346104792261 2.8225576888216892 -9.73627510915685 910.0839759813755 22.26032716402878 66714.29184759712 64342.56979541007 69377.40620374102
-2.8847698074387154 0.8399951860337751 -12.24840947399207 1350.1685413693742 22.26032716402878 66714.29184759712 64342.56979541007 69377.40620374102
2.0821474910335382 -8.454634142908617 -5.689641069169738 788.8897725229187 22.26032716402878 66714.29184759712 64342.56979541007 69377.40620374102
-12.33396399213234 -13.655406190351641 -11.716137116934988 780.8111911368346 22.26032716402878 66714.29184759712 64342.56979541007 69377.40620374102
3.183317775154137 -13.165843952192517 -5.835615822012187 762.3552755909201 22.26032716402878 66714.29184759712 64342.56979541007 69377.40620374102
-13.423214027119684 0.9229920397046953 -7.735864660600782 800.0774170815763 22.26032716402878 66714.29184759712 64342.56979541007 69377.40620374102
-13.878744712274056 -8.700330974032113 -10.876217710130732 765.3493411138679 22.26032716402878 66714.29184759712 64342.56979541007 69377.40620374102
-13.738282099817297 -5.3288750662322855 -8.2749119259679 985.5794353492172 22.26032716402878 66714.29184759712 64342.56979541007 69377.40620374102
2.986211851646658 -4.468575308987056 -13.5051914047217 1026.055188061567 22.26032716402878 66714.29184759712 64342.56979541007 69377.40620374102
-16.239826764067402 -10.823449874544167 -10.07781771842565 849.7422974215302 22.26032716402878 66714.29184759712 64342.56979541007 69377.40620374102
0.196596065434278 2.0865367055594106 -8.982742584892549 829.5939889269456 22.26032716402878 66714.29184759712 64342.56979541007 69377.40620374102
-1.321373740764102 -6.313624602029449 -2.770435043203179 861.394554828398 22.26032716402878 66714.29184759712 64342.56979541007 69377.40620374102
-8.685492434626212 0.5837201327376533 -9.714121072596754 847.0430471651581 22.26032716402878 66714.29184759712 64342.56979541007 69377.40620374102
-3.5470932942116633 10.22816054388386 -16.286977890966227 784.7405056144217 22.26032716402878 66714.29184759712 64342.56979541007 69377.40620374102
3.444215040130075 -13.809239571484795 -1.1543195395206567 894.2310211350128 22.26032716402878 66714.29184759712 64342.56979541007 69377.40620374102
-13.510567638557404 -7.217357310393709 5.519587670118199 845.8364704714301 22.26032716402878 66714.29184759712 64342.56979541007 69377.40620374102
2.3932278373395093 -8.126980316548725 -9.390157087473199 884.2250404748795 22.26032716402878 66714.29184759712 64342.56979541007 69377.40620374102
3.8030621669022366 -14.136072825618612 -7.689989503851393 923.5807057321417 22.26032716402878 66714.29184759712 64342.56979541007 69377.40620374102
-9.653372361557558 -9.474642195986235 1.64852430477913 833.7559149287509 22.26032716402878 66714.29184759712 64342.56979541007 69377.40620374102
3.327032244298607 -12.479753535422788 -15.600798178784316 773.923093007777 22.26032716402878 66714.29184759712 64342.56979541007 69377.40620374102
3.225295180338435 -14.69251015422924 -15.617493426529109 876.5216516049859 22.26032716402878 66714.29184759712 64342.56979541007 69377.40620374102
-5.405748533332371 -14.171222776174545 -12.562107400022796 982.8527125863122 22.26032716402878 66714.29184759712 64342.56979541007 69377.40620374102
-0.016738277772674337 -16.40367839614919 3.920511393182096 919.9305250919975 22.26032716402878 66714.29184759712 64342.56979541007 69377.40620374102
-12.92058622467448 -4.121203009781311 2.574500571427052 835.176669361133 22.26032716402878 66714.29184759712 64342.56979541007 69377.40620374102
2.471361313248053 3.0910978277679533 -14.976130784270936 923.2888377016633 22.26032716402878 66714.29184759712 64342.56979541007 69377.40620374102
-13.490528526439448 8.648996774994885 -1.8434209968399955 916.6315813135075 22.26032716402878 66714.29184759712 64342.56979541007 69377.40620374102
-4.025941604777472 -10.974580335088831 -7.990485112371971 1005.7239744582288 22.26032716402878 66714.29184759712 64342.56979541007 69377.40620374102
-13.171416824654443 -2.9772853927643155 -8.39575029280968 792.7489062499346 22.26032716402878 66714.29184759712 64342.56979541007 69377.40620374102
0.37552677298663184 -8.97723718204361 -4.16275527983089 857.7206374578356 22.26032716402878 66714.29184759712 64342.56979541007 69377.40620374102
0.4486226169829024 9.646731991590059 -13.534372172362055 898.3398492190013 22.26032716402878 66714.29184759712 64342.56979541007 69377.40620374102
-6.167067072339705 -1.1675319188725553 -10.317535278227297 833.8764384420883 22.26032716402878 66714.29184759712 64342.56979541007 69377.40620374102
-4.294078021295718 -0.41335541622538585 -8.300112507044105 928.5091200684428 22.26032716402878 66714.29184759712 64342.56979541007 69377.40620374102
-14.104023987441906 -5.8075884295176365 1.720861163805239 855.8871540142829 22.26032716402878 66714.29184759712 64342.56979541007 69377.40620374102
2.658549013605807 -14.26415400019323 -6.006183501085616 888.9401235728507 22.26032716402878 66714.29184759712 64342.56979541007 69377.40620374102
-3.4720672092807945 -14.342967927972495 -5.4110913151089335 1085.8627667464668 22.26032716402878 66714.29184759712 64342.56979541007 69377.40620374102
-10.590831927082036 3.5081331428154954 -1.9755092647101264 829.3595071586526 22.26032716402878 66714.29184759712 64342.56979541007 69377.40620374102
-10.486229683228885 9.70799060571153 -14.652818966598716 1290.6139298278 22.26032716402878 66714.29184759712 64342.56979541007 69377.40620374102
-11.66786517208675 -4.614323330883053 -8.077432908772607 962.3534372056406 22.26032716402878 66714.29184759712 64342.56979541007 69377.40620374102
-14.507929391504149 -11.69422583017149 -9.754623287502909 911.2505797751528 22.26032716402878 66714.29184759712 64342.56979541007 69377.40620374102
-8.902565579948714 0.6947483235708205 3.544046248003724 1028.176796079031 22.26032716402878 66714.29184759712 64342.56979541007 69377.40620374102
0.38114782169577666 -10.348190328426426 -5.256135606527096 844.6434680484383 22.26032716402878 66714.29184759712 64342.56979541007 69377.40620374102
-12.252479475588189 9.599138872421463 -12.528221714106621 1018.3196220852864 22.26032716402878 66714.29184759712 64342.56979541007 69377.40620374102
2.2238466481212527 -10.356801441055723 -7.4580320657696575 963.4445363381599 22.26032716402878 66714.29184759712 64342.56979541007 69377.40620374102
-9.364323176399921 -12.282501659079571 1.4701699432334863 764.7541230986898 22.26032716402878 66714.29184759712 64342.56979541007 69377.40620374102
-2.2861604814679595 -15.472113248586538 -13.689911327062873 785.7968113453056 22.26032716402878 66714.29184759712 64342.56979541007 69377.40620374102
-2.2654460120829754 -11.240567113200086 4.363699777983129 836.6088397195208 22.26032716402878 66714.29184759712 64342.56979541007 69377.40620374102
-4.4735664294858 -3.0229610496026 -3.808014445065055 1606.6832304860409 22.26032716402878 66714.29184759712 64342.56979541007 69377.40620374102
-12.919653472767095 -8.945508473429072 -0.6685242592502618 860.5473527455465 22.26032716402878 66714.29184759712 64342.56979541007 69377.40620374102
0.21356512940838002 -15.695028418573202 -7.911048775262316 870.5967230526309 22.26032716402878 66714.29184759712 64342.56979541007 69377.40620374102
-3.8686678308004048 -9.83530182587856 -5.712542644818313 2283.191681083324 22.26032716402878 66714.29184759712 64342.56979541007 69377.40620374102
-10.939509333169553 4.872169961017789 -5.7863047582504805 2406.0331903544934 22.26032716402878 66714.29184759712 64342.56979541007 69377.40620374102
-10.229226190538611 -14.227799770582351 -13.577781381056411 2187.4210289779453 22.26032716402878 66714.29184759712 64342.56979541007 69377.40620374102
-14.851421139464946 -1.6201441219745902 -3.586978416497004 1646.5438353517752 22.26032716402878 66714.29184759712 64342.56979541007 69377.40620374102
-4.115116461209254 0.7127215751752374 -11.103001444396796 1243.9991138794762 22.26032716402878 66714.29184759712 64342.56979541007 69377.40620374102
-6.035111565855914 -16.11627920452156 -9.917447993109818 940.6127749591772 22.26032716402878 66714.29184759712 64342.56979541007 69377.40620374102
-0.20461340009933338 4.444121936932788 -14.301242061323137 993.4850478025458 22.26032716402878 66714.29184759712 64342.56979541007 69377.40620374102
1.1455512686952716 -1.4856779067777097 -8.026314011018258 778.7596956739197 22.26032716402878 66714.29184759712 64342.56979541007 69377.40620374102
3.857151826901827 -8.604663132253336 -10.410010605119169 896.7944488650701 22.26032716402878 66714.29184759712 64342.56979541007 69377.40620374102
-13.471524628432235 -6.180000089232635 0.060891526329214685 885.5194974008923 22.26032716402878 66714.29184759712 64342.56979541007 69377.40620374102
-13.907340724137612 -9.96222199191834 4.137540348325274 875.3076476760318 22.26032716402878 66714.29184759712 64342.56979541007 69377.40620374102
-6.210848015733063 -11.654973005461216 4.637412722207955 1155.0105448768097 22.26032716402878 66714.29184759712 64342.56979541007 69377.40620374102
-9.650672898220364 -9.756013409125444 -5.092029575826018 1095.1383072473013 22.26032716402878 66714.29184759712 64342.56979541007 69377.40620374102
-0.8655607150139986 -8.6383660678257 -10.59354874600831 810.0897908675561 22.26032716402878 66714.29184759712 64342.56979541007 69377.40620374102
2.9254893575271126 -5.944868898710411 -0.32031289242149796 1861.130106255158 22.26032716402878 66714.29184759712 64342.56979541007 69377.40620374102
-0.43153218195948284 -12.079109076083114 -6.0520667434320785 847.3778881822044 22.26032716402878 66714.29184759712 64342.56979541007 69377.40620374102
-16.07044197959476 10.556046783327474 -8.399414863117272 817.4872444350589 22.26032716402878 66714.29184759712 64342.56979541007 69377.40620374102
3.8432638343510916 0.7614196134236408 -13.64455037364678 938.8410628050868 22.26032716402878 66714.29184759712 64342.56979541007 69377.40620374102
-0.07138186262454838 3.1191070912318537 -10.545428684723447 1125.8293763659385 22.26032716402878 66714.29184759712 64342.56979541007 69377.40620374102
-7.2979455504973885 -4.8343113687005825 -13.049867485664436 909.2333393160592 22.26032716402878 66714.29184759712 64342.56979541007 69377.40620374102
-8.775235595341655 -11.809231828192424 -7.9471398697351106 1653.9073417998131 22.26032716402878 66714.29184759712 64342.56979541007 69377.40620374102
3.8677579890791094 -7.019611156101746 -3.261370395484846 1472.0346359120913 22.26032716402878 66714.29184759712 64342.56979541007 69377.40620374102
1.751429979558452 -15.784827598006814 -11.80442670393677 974.300008819296 22.26032716402878 66714.29184759712 64342.56979541007 69377.40620374102
-0.7743251492938725 -4.84513926555519 -0.2840995931910584 964.4858734125417 22.26032716402878 66714.29184759712 64342.56979541007 69377.40620374102
-15.084245775491581 -13.449669608518889 -2.5720560171903344 842.1637439286428 22.26032716402878 66714.29184759712 64342.56979541007 69377.40620374102
-14.21358860831242 1.953875532381062 -12.700322558375774 1282.1796588102281 22.26032716402878 66714.29184759712 64342.56979541007 69377.40620374102
-7.579816764628049 1.8499030923485407 -2.6611299171490828 768.2579914681243 22.26032716402878 66714.29184759712 64342.56979541007 69377.40620374102
-5.311871469762991 -14.777472133580886 1.717183973029023 798.287356613263 22.26032716402878 66714.29184759712 64342.56979541007 69377.40620374102
-9.115544481712277 -4.5520866113802185 -1.1681777981721098 788.2973781184686 22.26032716402878 66714.29184759712 64342.56979541007 69377.40620374102
-5.163081075501395 -12.557932808289479 -1.0180574061378138 1514.347864680026 22.26032716402878 66714.29184759712 64342.56979541007 69377.40620374102
-15.18934029135562 6.067965154543344 4.506049730043742 827.416933959696 22.26032716402878 66714.29184759712 64342.56979541007 69377.40620374102
-8.934069890368846 -14.446146627524286 -6.738997827749699 1300.0476584982105 22.26032716402878 66714.29184759712 64342.56979541007 69377.40620374102
-5.056117086685845 -9.877734352630796 -11.196832692381577 2147.3515196428402 22.26032716402878 66714.29184759712 64342.56979541007 69377.40620374102
3.99380407249555 -0.3519215586275095 -10.161820683410042 782.6625743774322 22.26032716402878 66714.29184759712 64342.56979541007 69377.40620374102
-1.4885906157578574 -4.4139312328698 1.8146594110730803 1133.4610450461953 22.26032716402878 66714.29184759712 64342.56979541007 69377.40620374102
-0.4589594736753497 -6.626731018121063 1.9743467624793993 2105.321743060212 22.26032716402878 66714.29184759712 64342.56979541007 69377.40620374102
-0.019076674187090248 -9.259773555437278 -14.355857237344026 967.588012501177 22.26032716402878 66714.29184759712 64342.56979541007 69377.40620374102
1.678879136845353 -20.840460556311882 4.645975715553504 929.8024613382605 22.26032716402878 66714.29184759712 64342.56979541007 69377.40620374102
3.4709866579796653 -16.79839295957936 -2.04581620953104 881.3657616634481 22.26032716402878 66714.29184759712 64342.56979541007 69377.40620374102
-6.808854025512119 -20.192614921412314 -1.3118296621541958 778.7081869710304 22.26032716402878 66714.29184759712 64342.56979541007 69377.40620374102
1.8215258965501562 -16.569974295591237 2.0506102739309426 817.839257231087 22.26032716402878 66714.29184759712 64342.56979541007 69377.40620374102
-0.06973277086217422 -20.390581886924338 -5.57662926458579 799.0948360252887 22.26032716402878 66714.29184759712 64342.56979541007 69377.40620374102
2.8621803548012394 -18.830919074025587 -1.7339633344381582 1342.3017347804512 22.26032716402878 66714.29184759712 64342.56979541007 69377.40620374102
-3.2968100469297497 -20.42478277147893 2.4912268087937264 782.1719166728798 22.26032716402878 66714.29184759712 64342.56979541007 69377.40620374102
-0.7239354344783351 -21.358540618974075 3.3927660939953057 801.0146103826155 22.26032716402878 66714.29184759712 64342.56979541007 69377.40620374102
-5.259102374082431 -17.101044629322132 5.392502930102637 790.0662660905291 22.26032716402878 66714.29184759712 64342.56979541007 69377.40620374102
6.275174406444421 -19.546189877946745 -3.3590639794565504 776.4145913428522 22.26032716402878 66714.29184759712 64342.56979541007 69377.40620374102
4.796817894166452 -21.048750814523373 -1.3647808703390183 1820.621522162394 22.26032716402878 66714.29184759712 64342.56979541007 69377.40620374102
6.3781145167013165 -20.647217723751965 -3.3453060533793177 880.9404353190897 22.26032716402878 66714.29184759712 64342.56979541007 69377.40620374102
10.39359948024503 -18.238495108205825 0.20915216294815764 863.75297605607 22.26032716402878 66714.29184759712 64342.56979541007 69377.40620374102
5.809045313872048 -20.541876373252308 -4.51524093739863 1334.4350280578008 22.26032716402878 66714.29184759712 64342.56979541007 69377.40620374102
8.671591721838922 -19.31455499173171 -3.4378616452158894 854.8400106437175 22.26032716402878 66714.29184759712 64342.56979541007 69377.40620374102
5.112912981552654 -21.286918922676705 -1.1364219101815252 989.9437650912103 22.26032716402878 66714.29184759712 64342.56979541007 69377.40620374102
4.557997045703814 -20.8334764287938 1.532351122747059 3049.971512893916 22.26032716402878 66714.29184759712 64342.56979541007 69377.40620374102
9.954874289309373 -17.03545664656849 -7.0743545528675895 1026.8222435374355 22.26032716402878 66714.29184759712 64342.56979541007 69377.40620374102
5.52140775755106 -20.630144454429683 0.30528053859598003 822.1141656479089 22.26032716402878 66714.29184759712 64342.56979541007 69377.40620374102
5.391654032486258 -17.130709830300475 3.965082785623963 1035.917816174327 22.26032716402878 66714.29184759712 64342.56979541007 69377.40620374102
2.83304357722227 18.929814541239466 -4.010253876447678 770.9419353200919 22.26032716402878 66714.29184759712 64342.56979541007 69377.40620374102
-4.013495012419298 12.198855322189047 -4.679156512807822 776.49907407005 22.26032716402878 66714.29184759712 64342.56979541007 69377.40620374102
-9.736044655030128 12.032673605972377 -8.223071574684582 953.4868054124262 22.26032716402878 66714.29184759712 64342.56979541007 69377.40620374102
-8.912096376661793 10.805474664390204 -9.49986183657893 1119.1803042780457 22.26032716402878 66714.29184759712 64342.56979541007 69377.40620374102
-7.794163282262161 10.70532221767644 -14.562101247822284 851.2123845385215 22.26032716402878 66714.29184759712 64342.56979541007 69377.40620374102
-6.675317728484515 11.345296311781567 -10.386234760808293 1139.5309824972035 22.26032716402878 66714.29184759712 64342.56979541007 69377.40620374102
-8.872708558759768 11.097110045004229 -9.7137927756703 1595.3236238404406 22.26032716402878 66714.29184759712 64342.56979541007 69377.40620374102
3.009535270262859 15.874537662486546 -12.722948242721031 818.5507089625327 22.26032716402878 66714.29184759712 64342.56979541007 69377.40620374102
-1.4464260352979181 16.177872287327773 -2.432699819706613 803.2499705236871 22.26032716402878 66714.29184759712 64342.56979541007 69377.40620374102
2.9563299602887128 17.21153789570235 -4.221540095939417 958.6729376111481 22.26032716402878 66714.29184759712 64342.56979541007 69377.40620374102
3.4447756245936034 10.724405752669554 -8.496237483806908 853.3096974646293 22.26032716402878 66714.29184759712 64342.56979541007 69377.40620374102
3.7688670578500023 12.484775200056902 4.6142898383695865 1007.5385689377226 22.26032716402878 66714.29184759712 64342.56979541007 69377.40620374102
2.1076120663201436 15.173254178873322 -5.075222824831144 786.2558094081188 22.26032716402878 66714.29184759712 64342.56979541007 69377.40620374102
16.0516926603741 4.658809689914051 -12.167674565294874 975.7218190800718 22.26032716402878 66714.29184759712 64342.56979541007 69377.40620374102
14.430960600773687 1.5547604596140445 -12.60088723593799 1188.2767483481703 22.26032716402878 66714.29184759712 64342.56979541007 69377.40620374102
19.453656518409844 0.9162973534621415 -4.440320865425747 861.7167021483563 22.26032716402878 66714.29184759712 64342.56979541007 69377.40620374102
13.778790073643904 -15.778636661503697 -4.001195041433675 865.6068608513021 22.26032716402878 66714.29184759712 64342.56979541007 69377.40620374102
12.675968178606126 -1.9084773528738879 -1.5664241156191565 833.3326079472392 22.26032716402878 66714.29184759712 64342.56979541007 69377.40620374102
13.525705080595799 0.7593840332920081 -7.678337318924605 837.4299472487205 22.26032716402878 66714.29184759712 64342.56979541007 69377.40620374102
12.288776114437496 -11.738426238967804 -3.1115503602777608 850.2074911232553 22.26032716402878 66714.29184759712 64342.56979541007 69377.40620374102
6.553464073585928 2.521771999032353 -15.313959528895793 796.8075675917491 22.26032716402878 66714.29184759712 64342.56979541007 69377.40620374102
16.52892424244783 1.4672621088757296 -5.092421303968877 763.193768928379 22.26032716402878 66714.29184759712 64342.56979541007 69377.40620374102
8.25741163866769 -14.08304067420977 -6.873661130928667 827.94625866366 22.26032716402878 66714.29184759712 64342.56979541007 69377.40620374102
11.12532618753903 -12.55293913717469 -11.365673229054664 781.6598872778815 22.26032716402878 66714.29184759712 64342.56979541007 69377.40620374102
13.133910858174204 -10.517080801539123 -13.304563007157412 808.000168124308 22.26032716402878 66714.29184759712 64342.56979541007 69377.40620374102
20.27086442396103 -1.4632693366729654 -4.597700931626605 985.7743214673136 22.26032716402878 66714.29184759712 64342.56979541007 69377.40620374102
7.752332003743504 0.6418861819911399 -16.424620128804236 1044.4113624182778 22.26032716402878 66714.29184759712 64342.56979541007 69377.40620374102
17.6253165302478 -3.7901270214060787 -12.083234155958053 1000.72604076816 22.26032716402878 66714.29184759712 64342.56979541007 69377.40620374102
8.691126595876995 0.5611379632318858 -15.69472838328511 762.2501401525096 22.26032716402878 66714.29184759712 64342.56979541007 69377.40620374102
4.309273756167386 7.071077179869462 -12.489122604820295 788.3684623677168 22.26032716402878 66714.29184759712 64342.56979541007 69377.40620374102
18.146458334187628 -8.070699422321923 -4.733160236050026 812.4819440649245 22.26032716402878 66714.29184759712 64342.56979541007 69377.40620374102
13.864359840226825 -15.418371584812121 1.0977736526692752 967.3410280315134 22.26032716402878 66714.29184759712 64342.56979541007 69377.40620374102
7.6299126984959 -0.02375855621357914 -9.850176104067941 2197.376293741913 22.26032716402878 66714.29184759712 64342.56979541007 69377.40620374102
15.548477785239811 -12.8596539622813 0.033389556425390765 1200.9162520303612 22.26032716402878 66714.29184759712 64342.56979541007 69377.40620374102
9.489907927942113 5.624125236274267 -9.527628740601358 751.1927345544211 22.26032716402878 66714.29184759712 64342.56979541007 69377.40620374102
10.325779109989526 1.1487365414432134 -3.5520126366172917 765.6903632315673 22.26032716402878 66714.29184759712 64342.56979541007 69377.40620374102
11.565295555556077 3.258159312819771 2.8856818056083284 815.9574822289534 22.26032716402878 66714.29184759712 64342.56979541007 69377.40620374102
4.130344085962861 -13.28821417276049 -7.4418583960068645 821.3811860898151 22.26032716402878 66714.29184759712 64342.56979541007 69377.40620374102
16.575849043467315 0.16588134181074565 -11.618460544370464 865.6692673038043 22.26032716402878 66714.29184759712 64342.56979541007 69377.40620374102
14.701645645778626 0.4587852257391205 -14.196043036019546 809.6856286526056 22.26032716402878 66714.29184759712 64342.56979541007 69377.40620374102
15.32043644937221 -12.654487817511836 -3.9439442172588315 759.1825369274122 22.26032716402878 66714.29184759712 64342.56979541007 69377.40620374102
14.536511120197247 -6.562672000123712 -14.436965850283741 759.75588286126 22.26032716402878 66714.29184759712 64342.56979541007 69377.40620374102
12.415792317697196 -2.247460595310258 -13.81864881652291 906.4250578887014 22.26032716402878 66714.29184759712 64342.56979541007 69377.40620374102
18.159011999639915 8.330585407762555 -9.186616251754458 774.8196680818149 22.26032716402878 66714.29184759712 64342.56979541007 69377.40620374102
16.390309841517592 0.9334595119216829 0.9693523329333402 1085.400990966346 22.26032716402878 66714.29184759712 64342.56979541007 69377.40620374102
9.433307333063567 -4.095701139682205 -1.975076055910904 874.1855971507317 22.26032716402878 66714.29184759712 64342.56979541007 69377.40620374102
4.851596796230297 -15.44851344012568 -2.0312041853903793 1309.8063795655585 22.26032716402878 66714.29184759712 64342.56979541007 69377.40620374102
16.745134988901555 7.30306978605222 -10.321222323080292 892.5786820665312 22.26032716402878 66714.29184759712 64342.56979541007 69377.40620374102
12.082128803929663 3.0343341283441987 -6.916109532452538 896.8575744935227 22.26032716402878 66714.29184759712 64342.56979541007 69377.40620374102
8.58103731177107 9.31958574471355 -14.706344976875698 1173.427170662295 22.26032716402878 66714.29184759712 64342.56979541007 69377.40620374102
12.008848741752445 8.081156828804524 -11.851229579959181 948.5224997317442 22.26032716402878 66714.29184759712 64342.56979541007 69377.40620374102
13.50888916668191 -11.204277991419076 0.06618992701987736 1238.2670906615215 22.26032716402878 66714.29184759712 64342.56979541007 69377.40620374102
10.972762921621324 6.055003960937029 0.8751171742624138 938.258325248205 22.26032716402878 66714.29184759712 64342.56979541007 69377.40620374102
6.310800944484072 -15.249878845977946 -4.712326220382238 1160.8298672969627 22.26032716402878 66714.29184759712 64342.56979541007 69377.40620374102
17.979992733846302 -1.2048742283659521 -12.350314576760866 1159.1656319078772 22.26032716402878 66714.29184759712 64342.56979541007 69377.40620374102
19.998150487954263 0.9895228043751558 -3.763991974570672 939.9765544418235 22.26032716402878 66714.29184759712 64342.56979541007 69377.40620374102
20.889239026684663 -7.285769561676716 -1.2693088641826762 805.7960855865376 22.26032716402878 66714.29184759712 64342.56979541007 69377.40620374102
21.115644553516177 -4.757076111854985 0.9515635391289834 988.8165278083085 22.26032716402878 66714.29184759712 64342.56979541007 69377.40620374102
16.70610803733871 -13.416484289169603 -1.2687296531657921 765.1723320978152 22.26032716402878 66714.29184759712 64342.56979541007 69377.40620374102
11.552631476253737 -14.40286664749874 -6.151578743869322 805.1622605951932 22.26032716402878 66714.29184759712 64342.56979541007 69377.40620374102
10.935052987158997 -1.9652091216048575 -14.136626215200522 754.0531880670491 22.26032716402878 66714.29184759712 64342.56979541007 69377.40620374102
4.839266102033434 -5.884743688235176 -1.4754296716855606 790.6246272042218 22.26032716402878 66714.29184759712 64342.56979541007 69377.40620374102
13.32603734661825 -13.449952841714548 -3.812699553920538 975.9744808264251 22.26032716402878 66714.29184759712 64342.56979541007 69377.40620374102
17.194320386552135 -1.697937482058478 -13.292130009678658 831.9116206023018 22.26032716402878 66714.29184759712 64342.56979541007 69377.40620374102
11.47061230817053 8.251262231453438 -9.572143084587879 861.402491017603 22.26032716402878 66714.29184759712 64342.56979541007 69377.40620374102
18.052554653419065 -8.39192518107302 -8.86374810441339 1613.5112081228074 22.26032716402878 66714.29184759712 64342.56979541007 69377.40620374102
17.89530946558807 -9.751040731629473 -8.77599313830433 907.8168540888847 22.26032716402878 66714.29184759712 64342.56979541007 69377.40620374102
19.164343789962004 -5.082876514221425 -1.04423885725555 764.676650465641 22.26032716402878 66714.29184759712 64342.56979541007 69377.40620374102
11.322842462788685 -8.725023446793784 -9.967667295786669 1093.824131255897 22.26032716402878 66714.29184759712 64342.56979541007 69377.40620374102
19.451128820335725 8.34703647356946 -6.077055405607098 808.419811729469 22.26032716402878 66714.29184759712 64342.56979541007 69377.40620374102
19.461921006339253 8.592466473965032 -5.842054509615991 780.4985937704892 22.26032716402878 66714.29184759712 64342.56979541007 69377.40620374102
12.638055330215138 -2.871702962620475 -3.5853337362932507 1737.5356752896444 22.26032716402878 66714.29184759712 64342.56979541007 69377.40620374102
9.801948272070149 7.805098950251704 -16.64668324084778 754.3126324800986 22.26032716402878 66714.29184759712 64342.56979541007 69377.40620374102
4.680453337379731 7.350990090715641 -14.753242454506108 917.7229919846811 22.26032716402878 66714.29184759712 64342.56979541007 69377.40620374102
8.931821268619387 5.414995504761464 -8.322123316553188 1578.2795948516505 22.26032716402878 66714.29184759712 64342.56979541007 69377.40620374102
20.907234134720056 -0.13498823854024522 -2.5017365790554322 868.9192264576018 22.26032716402878 66714.29184759712 64342.56979541007 69377.40620374102
10.11127508986101 2.1785429026567726 -10.106903585387045 1319.440328644262 22.26032716402878 66714.29184759712 64342.56979541007 69377.40620374102
13.268030965235084 -2.497644404451421 -1.785328146041138 769.5669338887375 22.26032716402878 66714.29184759712 64342.56979541007 69377.40620374102
5.481490670950734 1.382171681827458 -10.346433688289835 1001.3976182326284 22.26032716402878 66714.29184759712 64342.56979541007 69377.40620374102
21.815150683469255 -0.7926054857962299 4.137051842073561 797.3266503368822 22.26032716402878 66714.29184759712 64342.56979541007 69377.40620374102
10.603769783498137 9.303600998864567 -14.559906503680395 763.5860100295429 22.26032716402878 66714.29184759712 64342.56979541007 69377.40620374102
6.6378595247806516 7.322184359160019 4.402303214257699 778.332847746245 22.26032716402878 66714.29184759712 64342.56979541007 69377.40620374102
5.2093476599111455 -12.385744559011073 -6.741726864158409 1326.7880167075762 22.26032716402878 66714.29184759712 64342.56979541007 69377.40620374102
5.670379731134744 -12.195512267760932 -2.603860694085597 943.3819050984692 22.26032716402878 66714.29184759712 64342.56979541007 69377.40620374102
10.824205792494467 -8.658820078286226 4.6513301788509125 887.8702378510416 22.26032716402878 66714.29184759712 64342.56979541007 69377.40620374102
8.380102903975057 -0.7410720922271139 -10.611684756964678 907.5041842408668 22.26032716402878 66714.29184759712 64342.56979541007 69377.40620374102
10.810893254049006 -12.616910386626842 -2.7409100260265404 833.5525880103753 22.26032716402878 66714.29184759712 64342.56979541007 69377.40620374102
19.17404046402953 8.915761912423477 -5.178189682876109 1106.950139811772 22.26032716402878 66714.29184759712 64342.56979541007 69377.40620374102
7.485878136722022 2.8228846516867634 -15.293643094002618 1149.7269856046505 22.26032716402878 66714.29184759712 64342.56979541007 69377.40620374102
15.161166597696138 9.786722665492562 -11.468413562659407 1218.1749017951572 22.26032716402878 66714.29184759712 64342.56979541007 69377.40620374102
11.91872508819506 6.562083440105198 -14.906204231461743 1675.0169067679176 22.26032716402878 66714.29184759712 64342.56979541007 69377.40620374102
5.428616556266206 -9.262069324191543 -2.867527674694429 880.0056464915695 22.26032716402878 66714.29184759712 64342.56979541007 69377.40620374102
15.994467027616338 1.9744680374133168 -6.218023870940669 949.0298284882235 22.26032716402878 66714.29184759712 64342.56979541007 69377.40620374102
20.36624388564087 3.1740436128384317 -6.602250732597895 916.9244448175474 22.26032716402878 66714.29184759712 64342.56979541007 69377.40620374102
11.110790338352672 -11.664302057004534 -4.541367192097823 1236.889105804476 22.26032716402878 66714.29184759712 64342.56979541007 69377.40620374102
19.42262757261051 3.5223221094711334 -7.8120395195437595 1409.4958470153297 22.26032716402878 66714.29184759712 64342.56979541007 69377.40620374102
5.342598338509561 -7.756768641251256 3.7294521997100674 1747.6391026781657 22.26032716402878 66714.29184759712 64342.56979541007 69377.40620374102
12.629395267213113 -2.79197863938316 4.118077519262442 992.3028129843121 22.26032716402878 66714.29184759712 64342.56979541007 69377.40620374102
16.497939890105044 8.359245087078307 4.691680785486824 830.8163608010931 22.26032716402878 66714.29184759712 64342.56979541007 69377.40620374102
5.4159185249882285 0.5301975867987494 -12.275727333384566 1688.926541448225 22.26032716402878 66714.29184759712 64342.56979541007 69377.40620374102
7.700770302573801 7.090923906544049 -11.080036444458528 1480.5930385001059 22.26032716402878 66714.29184759712 64342.56979541007 69377.40620374102
10.683959629022866 2.336355403298512 -14.493789007115993 2306.4308265052587 22.26032716402878 66714.29184759712 64342.56979541007 69377.40620374102
6.401670569306589 -3.08470423687686 0.6645867991464911 860.6825905039915 22.26032716402878 66714.29184759712 64342.56979541007 69377.40620374102
9.927217551143258 -2.0181601307340316 -9.359059458220145 5086.846963950514 22.26032716402878 66714.29184759712 64342.56979541007 69377.40620374102
17.811974133219337 6.883447478547168 -5.516024247699534 771.6759596274039 22.26032716402878 66714.29184759712 64342.56979541007 69377.40620374102
13.793141489310074 -0.2544476962793851 4.936201160831843 781.3179186537382 22.26032716402878 66714.29184759712 64342.56979541007 69377.40620374102
9.419315255261608 10.61236398127221 -9.731134966525133 777.5602493663208 22.26032716402878 66714.29184759712 64342.56979541007 69377.40620374102
9.676115087539074 11.574492593295872 -11.957457091411925 944.5525739787115 22.26032716402878 66714.29184759712 64342.56979541007 69377.40620374102
6.189786855014972 17.340251023757446 -7.002750016385107 766.207516777961 22.26032716402878 66714.29184759712 64342.56979541007 69377.40620374102
8.299375279137166 19.022279143748165 -7.715770597336814 1087.9468699753454 22.26032716402878 66714.29184759712 64342.56979541007 69377.40620374102
5.973828764617792 14.846653059925302 -12.505945147786406 934.0751849997425 22.26032716402878 66714.29184759712 64342.56979541007 69377.40620374102
6.443618881661678 14.085785704526643 -7.348378326190868 806.5010408588242 22.26032716402878 66714.29184759712 64342.56979541007 69377.40620374102
5.712355650248355 13.852835133540793 -11.186366648660623 766.1317515638294 22.26032716402878 66714.29184759712 64342.56979541007 69377.40620374102
9.062292260234244 12.004793954998604 -6.560629862578935 969.1064978811596 22.26032716402878 66714.29184759712 64342.56979541007 69377.40620374102
12.642268220122787 17.447483873613237 -0.03978205574094318 774.5621173582446 22.26032716402878 66714.29184759712 64342.56979541007 69377.40620374102
11.013734650041442 12.612622177832236 1.0914461367792683 780.4618852990877 22.26032716402878 66714.29184759712 64342.56979541007 69377.40620374102
10.39525731743197 11.33081204847258 -12.445829114527442 923.5629935454455 22.26032716402878 66714.29184759712 64342.56979541007 69377.40620374102
5.763757133492618 15.554118792621011 -1.7205536664114334 943.2154884237956 22.26032716402878 66714.29184759712 64342.56979541007 69377.40620374102
10.184878708430915 18.67181012245419 -5.423456380769494 1575.601513779897 22.26032716402878 66714.29184759712 64342.56979541007 69377.40620374102
7.061519158931333 17.01125892714481 -10.243390593590448 917.771961532783 22.26032716402878 66714.29184759712 64342.56979541007 69377.40620374102
5.023077529433067 14.476298585410404 -7.728234092821367 1046.3654415916856 22.26032716402878 66714.29184759712 64342.56979541007 69377.40620374102
9.293921353426413 17.42067160026636 -9.193017286277609 826.5347120032179 22.26032716402878 66714.29184759712 64342.56979541007 69377.40620374102
14.682228402409237 13.70686015195679 1.3457005862292135 1095.4802915375114 22.26032716402878 66714.29184759712 64342.56979541007 69377.40620374102
8.80936404854583 11.965518794451782 -10.975169949320843 1049.20200483587 22.26032716402878 66714.29184759712 64342.56979541007 69377.40620374102
11.835330091766082 13.076346071917214 -13.145228765759384 907.422006598748 22.26032716402878 66714.29184759712 64342.56979541007 69377.40620374102
14.746777359978296 12.799880094862601 4.181078083653119 1026.130171532283 22.26032716402878 66714.29184759712 64342.56979541007 69377.40620374102
4.225670984873432 12.041312091372674 -2.262329759731074 757.5445423034587 22.26032716402878 66714.29184759712 64342.56979541007 69377.40620374102
14.229062429338228 11.585273567754484 -1.965501025231788 1596.8913999638348 22.26032716402878 66714.29184759712 64342.56979541007 69377.40620374102
-1.817346615891438 4.376531875677756 9.914073725769413 814.0741228477905 22.26032716402878 66714.29184759712 64342.56979541007 69377.40620374102
-2.987593677593395 -6.334485573366692 13.432157776682288 906.448062432554 22.26032716402878 66714.29184759712 64342.56979541007 69377.40620374102
-6.050248027560883 -9.286722185155668 10.925312239807681 817.3518771850293 22.26032716402878 66714.29184759712 64342.56979541007 69377.40620374102
-12.888473901519319 -10.523489517858252 5.710104233716265 827.0624455844369 22.26032716402878 66714.29184759712 64342.56979541007 69377.40620374102
-3.2154758973629214 -11.856398739670112 8.814096439818968 771.5907421754277 22.26032716402878 66714.29184759712 64342.56979541007 69377.40620374102
-6.597567887583864 3.5585474049439654 17.631867133415653 802.6799577813665 22.26032716402878 66714.29184759712 64342.56979541007 69377.40620374102
-6.813281669310527 8.148028441457427 11.028150567159173 998.0302736425684 22.26032716402878 66714.29184759712 64342.56979541007 69377.40620374102
-14.97005782974884 0.07777884269307833 10.060252119001234 911.3254736984177 22.26032716402878 66714.29184759712 64342.56979541007 69377.40620374102
-6.472248489721096 -2.9568927165310015 8.083727167439065 1144.4870271384011 22.26032716402878 66714.29184759712 64342.56979541007 69377.40620374102
-12.185367793077603 5.026879540499067 13.60697473930486 1035.323235871164 22.26032716402878 66714.29184759712 64342.56979541007 69377.40620374102
-7.560439338514698 -1.2504995091367164 19.114124598287162 1010.4484388801352 22.26032716402878 66714.29184759712 64342.56979541007 69377.40620374102
-3.6238898180163233 -10.365332174325886 6.518124814436305 866.5977017931131 22.26032716402878 66714.29184759712 64342.56979541007 69377.40620374102
2.0501480959064793 10.196870021522045 7.901586885753204 761.3169204034509 22.26032716402878 66714.29184759712 64342.56979541007 69377.40620374102
-12.124038513342384 -13.076372494433599 9.062380356859649 1036.3272180615393 22.26032716402878 66714.29184759712 64342.56979541007 69377.40620374102
2.7469573796988698 -4.7346207601585775 20.60829576336255 874.9079278586514 22.26032716402878 66714.29184759712 64342.56979541007 69377.40620374102
-0.14590792152739596 7.684675004798919 9.024010071327211 1530.0600824834626 22.26032716402878 66714.29184759712 64342.56979541007 69377.40620374102
-3.0739283276634524 5.2376171358992 15.871134943983634 1243.3116081221758 22.26032716402878 66714.29184759712 64342.56979541007 69377.40620374102
1.2301705795398448 6.703328504067031 6.486102683484205 833.6833388960399 22.26032716402878 66714.29184759712 64342.56979541007 69377.40620374102
-8.436247438410646 1.141465256056108 13.588089200318791 959.1477957493911 22.26032716402878 66714.29184759712 64342.56979541007 69377.40620374102
0.331908314692555 7.883854721949319 20.40532109134074 1285.1815893642743 22.26032716402878 66714.29184759712 64342.56979541007 69377.40620374102
0.13715095205407124 7.4421979185863165 20.766312616193318 815.2102778607152 22.26032716402878 66714.29184759712 64342.56979541007 69377.40620374102
-12.527152479131473 -12.045385744990199 7.167794895867701 818.8119935472471 22.26032716402878 66714.29184759712 64342.56979541007 69377.40620374102
-1.777973467746051 -10.28672879102669 19.627181884541642 886.9321848673279 22.26032716402878 66714.29184759712 64342.56979541007 69377.40620374102
-8.826612774879322 -6.554203792591579 12.602744849136798 1539.7342116847137 22.26032716402878 66714.29184759712 64342.56979541007 69377.40620374102
-14.8171652132296 -9.121572142503283 5.795296579817659 846.5339616626201 22.26032716402878 66714.29184759712 64342.56979541007 69377.40620374102
2.4380941776908003 -1.9428011119671282 14.462701097421814 803.4698198556096 22.26032716402878 66714.29184759712 64342.56979541007 69377.40620374102
0.6692936785839265 2.503588290317566 5.567957310398924 849.6085284715673 22.26032716402878 66714.29184759712 64342.56979541007 69377.40620374102
-12.04996328346897 -9.631903811598022 11.018152760749217 1068.6504200709194 22.26032716402878 66714.29184759712 64342.56979541007 69377.40620374102
-4.3482522671693005 -13.334460777346976 8.964749306222075 822.9907540752246 22.26032716402878 66714.29184759712 64342.56979541007 69377.40620374102
-2.40127055310586 -12.78146718080825 16.170473034508177 780.8896311314029 22.26032716402878 66714.29184759712 64342.56979541007 69377.40620374102
-2.3165914848068496 -10.325077231413161 16.085546409885865 796.6669560273157 22.26032716402878 66714.29184759712 64342.56979541007 69377.40620374102
3.151984786018147 8.075532769253186 18.61109175409365 857.4684015411754 22.26032716402878 66714.29184759712 64342.56979541007 69377.40620374102
-2.1307999825221486 3.1318843608532916 18.3743211341789 806.2134026750974 22.26032716402878 66714.29184759712 64342.56979541007 69377.40620374102
-0.10076054530509282 -0.6760207516563241 16.95933967716701 753.7684597939339 22.26032716402878 66714.29184759712 64342.56979541007 69377.40620374102
-8.316265019777347 1.249265083053615 15.038245529256528 1152.6072022420078 22.26032716402878 66714.29184759712 64342.56979541007 69377.40620374102
2.489526946010301 3.2036108969332417 8.347667079331586 966.012112531392 22.26032716402878 66714.29184759712 64342.56979541007 69377.40620374102
1.1700534013652941 2.002815194304276 10.584479476616252 1301.754670233523 22.26032716402878 66714.29184759712 64342.56979541007 69377.40620374102
-0.48049719487607945 -8.377687056199647 15.796391501382459 779.5064994422322 22.26032716402878 66714.29184759712 64342.56979541007 69377.40620374102
-1.3361073499399936 7.302425056863285 16.981882139269146 808.1126302460489 22.26032716402878 66714.29184759712 64342.56979541007 69377.40620374102
-3.416130100362352 19.28612840126152 7.279869717167458 970.1668178276725 22.26032716402878 66714.29184759712 64342.56979541007 69377.40620374102
3.5573990869161207 15.500773881431087 12.23914769187104 930.1887709608799 22.26032716402878 66714.29184759712 64342.56979541007 69377.40620374102
2.6231904990272596 14.40511601682374 8.21893853067013 1193.5121088085584 22.26032716402878 66714.29184759712 64342.56979541007 69377.40620374102
9.972631811266183 -15.60574060484214 11.852078040596098 768.4294664334914 22.26032716402878 66714.29184759712 64342.56979541007 69377.40620374102
6.457190060129506 -0.9007170531331212 11.213868386170361 1283.9191836626173 22.26032716402878 66714.29184759712 64342.56979541007 69377.40620374102
13.74777632234327 7.622168100620911 8.389808021733188 1447.6748107231267 22.26032716402878 66714.29184759712 64342.56979541007 69377.40620374102
10.448486184497597 6.2711909425852355 12.662040442795842 1460.3446005189548 22.26032716402878 66714.29184759712 64342.56979541007 69377.40620374102
7.092987721756799 0.7312033853741013 19.332396356592653 775.6249356164225 22.26032716402878 66714.29184759712 64342.56979541007 69377.40620374102
6.0587178926653 -9.779884195726481 16.901598358192132 934.2947256663257 22.26032716402878 66714.29184759712 64342.56979541007 69377.40620374102
7.20069597150723 -5.917223495867802 15.318338054348715 758.1095857915051 22.26032716402878 66714.29184759712 64342.56979541007 69377.40620374102
10.428284941095626 -6.548811142347404 9.269346806700923 787.1923967985825 22.26032716402878 66714.29184759712 64342.56979541007 69377.40620374102
4.275880120781949 -11.847540306487645 13.090274485686678 1096.8466565844312 22.26032716402878 66714.29184759712 64342.56979541007 69377.40620374102
14.600901990983402 -12.580064253772434 7.934783042175695 1112.3091891782403 22.26032716402878 66714.29184759712 64342.56979541007 69377.40620374102
9.766994150471874 -9.219575351038657 14.683149081160082 2097.2251816888647 22.26032716402878 66714.29184759712 64342.56979541007 69377.40620374102
6.953309096512385 -0.971773377576028 15.964130118270987 855.6047914145705 22.26032716402878 66714.29184759712 64342.56979541007 69377.40620374102
10.451742692675907 -9.958799050393282 13.652336792758433 892.8862187890172 22.26032716402878 66714.29184759712 64342.56979541007 69377.40620374102
5.278575867880136 1.468443898789701 6.524925972044002 978.3718578658533 22.26032716402878 66714.29184759712 64342.56979541007 69377.40620374102
10.280706635152455 3.2015798816792085 8.828883190042689 773.7578212452031 22.26032716402878 66714.29184759712 64342.56979541007 69377.40620374102
20.28937683555705 -3.94834829201136 7.875073367758887 1310.3130646024838 22.26032716402878 66714.29184759712 64342.56979541007 69377.40620374102
11.942333901883103 -4.249170023096667 16.91358453669818 761.4411994100969 22.26032716402878 66714.29184759712 64342.56979541007 69377.40620374102
10.182432030094787 -0.03322280293650692 17.502741161864833 962.4732561396572 22.26032716402878 66714.29184759712 64342.56979541007 69377.40620374102
7.529064505681163 5.681450030853739 19.723787719602115 866.566189378216 22.26032716402878 66714.29184759712 64342.56979541007 69377.40620374102
11.458187329917564 3.2671924397945986 18.752554341292125 855.6391591033538 22.26032716402878 66714.29184759712 64342.56979541007 69377.40620374102
7.312983765252284 1.2986815378098981 19.660653279235703 987.9755944255679 22.26032716402878 66714.29184759712 64342.56979541007 69377.40620374102
8.723685561431921 -0.1362512528357911 18.688859208254144 1051.626091969387 22.26032716402878 66714.29184759712 64342.56979541007 69377.40620374102
9.271524112322368 1.0195841789900442 16.998850381482043 754.3670476490486 22.26032716402878 66714.29184759712 64342.56979541007 69377.40620374102
7.873494047045824 4.821985086433415 12.40127808971738 865.0755881839076 22.26032716402878 66714.29184759712 64342.56979541007 69377.40620374102
6.21072569367243 4.476076707192988 16.66978720680345 996.320918704503 22.26032716402878 66714.29184759712 64342.56979541007 69377.40620374102
13.359410814577132 6.182944747641159 14.695396798531874 776.3348888829194 22.26032716402878 66714.29184759712 64342.56979541007 69377.40620374102
7.09387866203906 5.442616118954902 8.083377173199551 847.2257917871982 22.26032716402878 66714.29184759712 64342.56979541007 69377.40620374102
5.882409285652102 3.1921116676094243 8.861024794226978 831.9179735333406 22.26032716402878 66714.29184759712 64342.56979541007 69377.40620374102
7.495594330772292 6.286603666070732 18.070764989970485 751.781953814412 22.26032716402878 66714.29184759712 64342.56979541007 69377.40620374102
12.36340832458518 6.26481802102353 12.292791675397893 792.5083033396077 22.26032716402878 66714.29184759712 64342.56979541007 69377.40620374102
6.093337263504509 10.513472056372848 6.898905330483103 1109.7008100489916 22.26032716402878 66714.29184759712 64342.56979541007 69377.40620374102
5.934339222789276 2.152748006636102 18.38265877609956 1157.9597509113016 22.26032716402878 66714.29184759712 64342.56979541007 69377.40620374102
14.923803287892952 4.638218178442912 10.749516751398914 2018.7533235123917 22.26032716402878 66714.29184759712 64342.56979541007 69377.40620374102
5.540135078277672 -9.54951319121028 15.20596961506817 769.752722355144 22.26032716402878 66714.29184759712 64342.56979541007 69377.40620374102
8.816571432296769 13.884115351102082 6.989152474125149 890.8283609831608 22.26032716402878 66714.29184759712 64342.56979541007 69377.40620374102
6.6803494709020015 13.200811411472387 15.654752427130006 1642.4694647914137 22.26032716402878 66714.29184759712 64342.56979541007 69377.40620374102
9.492065385653405 11.29106716770184 13.756275612337049 790.4064478873833 22.26032716402878 66714.29184759712 64342.56979541007 69377.40620374102
6.20944090395642 17.24820685159648 9.69446549944405 856.4142317949818 22.26032716402878 66714.29184759712 64342.56979541007 69377.40620374102
5.240134158593719 13.599881226589787 10.080004807736259 1585.7245240555494 22.26032716402878 66714.29184759712 64342.56979541007 69377.40620374102
2.970462657569442 -16.867549914473784 6.794602638721699 948.0321232774421 22.26032716402878 66714.29184759712 64342.56979541007 69377.40620374102
8.137655700586038 -16.774729289696552 7.143544474063674 811.7071226688763 22.26032716402878 66714.29184759712 64342.56979541007 69377.40620374102
-19.315092912031105 -5.382399565060041 7.923560625567916 897.1793607891997 22.26032716402878 66714.29184759712 64342.56979541007 69377.40620374102
-18.07122849090956 -2.5404742460814305 0.9671953413781011 761.3329996105147 22.26032716402878 66714.29184759712 64342.56979541007 69377.40620374102
-16.85181754064979 -6.639450148759352 -3.879428460422787 1480.6793317385586 22.26032716402878 66714.29184759712 64342.56979541007 69377.40620374102
-16.954394155211048 5.78527300262067 -5.2547531789168715 820.8720567505694 22.26032716402878 66714.29184759712 64342.56979541007 69377.40620374102
-18.2479684556165 -4.175419011509803 -6.402161977632204 1282.2214976687599 22.26032716402878 66714.29184759712 64342.56979541007 69377.40620374102
-19.379169077961706 -3.045310311455978 10.315205405917368 907.4923913694939 22.26032716402878 66714.29184759712 64342.56979541007 69377.40620374102
-18.742069274303503 2.6205315871338826 -0.3657363801175961 838.8293293949392 22.26032716402878 66714.29184759712 64342.56979541007 69377.40620374102
-16.914862424659077 -2.8115419075329555 -13.636531285199453 1639.0118608198613 22.26032716402878 66714.29184759712 64342.56979541007 69377.40620374102
-18.384994510546676 -0.07003042838186957 0.4405313656461658 793.4640981763474 22.26032716402878 66714.29184759712 64342.56979541007 69377.40620374102
-19.882332225999562 -5.254842655507673 7.985214103071485 1149.1128357406399 22.26032716402878 66714.29184759712 64342.56979541007 69377.40620374102
-18.12212318960519 -0.7766217788739596 -0.5442291870276676 1279.179254096705 22.26032716402878 66714.29184759712 64342.56979541007 69377.40620374102
-20.395081344802747 -6.21729883649823 -3.221241611885489 933.5025194363233 22.26032716402878 66714.29184759712 64342.56979541007 69377.40620374102
-19.381581369569176 -6.903992299216043 -5.93210777278 815.3048487913 22.26032716402878 66714.29184759712 64342.56979541007 69377.40620374102
-17.837678915602737 -9.967391495010816 6.46652001691109 1153.597168843264 22.26032716402878 66714.29184759712 64342.56979541007 69377.40620374102
-18.906543903591228 4.230271990731126 -0.8786839180684183 1934.0640563891113 22.26032716402878 66714.29184759712 64342.56979541007 69377.40620374102
-16.913891864591278 0.26699312739947345 7.22077105921926 1043.422868648661 22.26032716402878 66714.29184759712 64342.56979541007 69377.40620374102
-17.38339064498723 8.113767653943796 -10.561006596544757 1209.8574403702587 22.26032716402878 66714.29184759712 64342.56979541007 69377.40620374102
