0.09824257298168959 -0.03957655542035354 -0.04942953578574816 1864.3885777922762 6.73003184 43419.46677479138 42452.58353110792 44653.18519623022 60811945.0
0.10184782632131828 -0.040367577981669456 -0.04705781608208781 1846.696173867446 6.73003184 43419.46677479138 42452.58353110792 44653.18519623022 60811974.0
0.10503148979478283 -0.04070945917192148 -0.0448896613670513 1835.8789210497876 6.73003184 43419.46677479138 42452.58353110792 44653.18519623022 60812003.0
0.07428367326792795 -0.03413935196294915 -0.02411751375620952 2343.3267656578464 6.73003184 43419.46677479138 42452.58353110792 44653.18519623022 60814361.0
0.07509131344704656 -0.03618914055550704 -0.023138065000239294 2337.302628328492 6.73003184 43419.46677479138 42452.58353110792 44653.18519623022 60814401.0
0.07584248294733698 -0.037793349525600206 -0.022114282175607514 2333.168838503232 6.73003184 43419.46677479138 42452.58353110792 44653.18519623022 60814441.0
0.07670724795752903 -0.03926814498845488 -0.020813212904613465 2274.6772296329036 6.73003184 43419.46677479138 42452.58353110792 44653.18519623022 60814479.0
0.07748359710240038 -0.04023839256115025 -0.019546435127267614 2272.0548551569527 6.73003184 43419.46677479138 42452.58353110792 44653.18519623022 60814512.0
0.078413393421215 -0.040950380003778264 -0.01792069192015333 2215.975925683413 6.73003184 43419.46677479138 42452.58353110792 44653.18519623022 60814543.0
0.07922027829044964 -0.04116081589017995 -0.016425199130026158 2215.178368886334 6.73003184 43419.46677479138 42452.58353110792 44653.18519623022 60814572.0
0.0802593719199649 -0.040866464558348525 -0.014399455998500343 2160.194668688841 6.73003184 43419.46677479138 42452.58353110792 44653.18519623022 60814601.0
0.08122323768475326 -0.04000847441056976 -0.012435247197572608 2155.665020229217 6.73003184 43419.46677479138 42452.58353110792 44653.18519623022 60814629.0
0.08207420719554648 -0.03877975573414005 -0.010651172407960985 2122.1110509883074 6.73003184 43419.46677479138 42452.58353110792 44653.18519623022 60814659.0
0.0832561574788997 -0.036343076470075175 -0.008120635175146163 2106.937774624323 6.73003184 43419.46677479138 42452.58353110792 44653.18519623022 60814688.0
0.08415799885551678 -0.03392142329539638 -0.006169818028865848 2079.329566823549 6.73003184 43419.46677479138 42452.58353110792 44653.18519623022 60814717.0
0.0845048096307437 -0.032858584250789136 -0.0054126959657878615 782.6399682528829 6.73003184 43419.46677479138 42452.58353110792 44653.18519623022 60814746.0
0.08556282321660547 -0.02919095758261392 -0.0030978151480667293 2058.340212087621 6.73003184 43419.46677479138 42452.58353110792 44653.18519623022 60814748.0
0.08654789959109621 -0.02519771525840042 -0.000934391915507149 2058.5742363231775 6.73003184 43419.46677479138 42452.58353110792 44653.18519623022 60814778.0
0.08693208834301913 -0.02347337631363189 -8.227286161854863e-05 783.4962767686457 6.73003184 43419.46677479138 42452.58353110792 44653.18519623022 60814807.0
0.0879521429669694 -0.01852307698572986 0.0021400099867605604 2007.3878123510854 6.73003184 43419.46677479138 42452.58353110792 44653.18519623022 60814809.0
0.08902731702255551 -0.012722055616904981 0.004425643106515054 2008.25019252472 6.73003184 43419.46677479138 42452.58353110792 44653.18519623022 60814837.0
0.09035226056585088 -0.004800377086212393 0.007138785738789011 1967.986903059649 6.73003184 43419.46677479138 42452.58353110792 44653.18519623022 60814866.0
0.09155357063718839 0.002891791853471659 0.009418043635378126 1969.0412743391635 6.73003184 43419.46677479138 42452.58353110792 44653.18519623022 60814895.0
0.09206150298268767 0.006282188718614634 0.010333218582672998 796.2637916607622 6.73003184 43419.46677479138 42452.58353110792 44653.18519623022 60814924.0
-0.07288613788114162 0.0013116849877405912 -0.06752900880383095 1957.8537893126309 6.73003184 43419.46677479138 42452.58353110792 44653.18519623022 60861436.0
-0.0738914141402347 0.0014854780019959435 -0.06732737040874781 1969.3174844681598 6.73003184 43419.46677479138 42452.58353110792 44653.18519623022 60861449.0
-0.07468496364890598 0.001551032553834375 -0.0671919393207645 1120.3586136072158 6.73003184 43419.46677479138 42452.58353110792 44653.18519623022 60861460.0
-0.07575854523020098 0.0015431621723109856 -0.0670462878406397 1982.8380213536332 6.73003184 43419.46677479138 42452.58353110792 44653.18519623022 60861464.0
-0.07687260903912829 0.0014134220036794432 -0.06693333500152221 1989.6305508244645 6.73003184 43419.46677479138 42452.58353110792 44653.18519623022 60861476.0
-0.078238122696348 0.001084276256733574 -0.06684902737470111 1994.220413258224 6.73003184 43419.46677479138 42452.58353110792 44653.18519623022 60861489.0
-0.07943971310305642 0.000640130769170355 -0.06681494037184166 1997.1966729956307 6.73003184 43419.46677479138 42452.58353110792 44653.18519623022 60861502.0
-0.08089239418768557 -9.175476589007303e-05 -0.06682566725794459 1997.5858286347684 6.73003184 43419.46677479138 42452.58353110792 44653.18519623022 60861516.0
-0.08217759661056334 -0.0009150238111033104 -0.06687362035881961 1995.9832267698596 6.73003184 43419.46677479138 42452.58353110792 44653.18519623022 60861529.0
-0.08312692575418623 -0.0016337716951966286 -0.06693291074770968 1099.7088365885854 6.73003184 43419.46677479138 42452.58353110792 44653.18519623022 60861541.0
-0.08446960404398851 -0.002805501346301753 -0.06704597156203818 1985.0768164516949 6.73003184 43419.46677479138 42452.58353110792 44653.18519623022 60861545.0
-0.08584233793953899 -0.004199572991637979 -0.06720039101492148 1977.1308155428137 6.73003184 43419.46677479138 42452.58353110792 44653.18519623022 60861559.0
-0.0875148885534145 -0.006167821535200346 -0.06743393373471918 1963.8948900664084 6.73003184 43419.46677479138 42452.58353110792 44653.18519623022 60861573.0
-0.08894213911116822 -0.008089446208032314 -0.06767330308503006 1952.7075415994543 6.73003184 43419.46677479138 42452.58353110792 44653.18519623022 60861586.0
-0.09016809299646411 -0.00992498157575028 -0.06790517648914829 1208.434207271707 6.73003184 43419.46677479138 42452.58353110792 44653.18519623022 60861598.0
-0.09162584153818898 -0.012335107021499425 -0.06821281248994637 1927.5609400622031 6.73003184 43419.46677479138 42452.58353110792 44653.18519623022 60861603.0
-0.09252601291518658 -0.013953516216133721 -0.0684205672951066 1175.7686781457628 6.73003184 43419.46677479138 42452.58353110792 44653.18519623022 60861614.0
-0.09399996972933877 -0.016828260748297907 -0.06878506975044729 1906.8301486013058 6.73003184 43419.46677479138 42452.58353110792 44653.18519623022 60861618.0
-0.095479148440063 -0.020008679399325047 -0.06918514480639715 1896.2663458353975 6.73003184 43419.46677479138 42452.58353110792 44653.18519623022 60861631.0
-0.09740567858534632 -0.024637163303850684 -0.06975664399942616 1883.14633301764 6.73003184 43419.46677479138 42452.58353110792 44653.18519623022 60861645.0
-0.0988771440461278 -0.028580958110978827 -0.07023290432698559 1875.6760711646473 6.73003184 43419.46677479138 42452.58353110792 44653.18519623022 60861658.0
-0.10011188872158527 -0.03219905310834292 -0.0706608884211164 953.0317669305374 6.73003184 43419.46677479138 42452.58353110792 44653.18519623022 60861670.0
-0.10155242023029132 -0.03681469488219591 -0.07119302398496075 1863.0802265002567 6.73003184 43419.46677479138 42452.58353110792 44653.18519623022 60861673.0
-0.10296844797267113 -0.041819633479462937 -0.07175432638905477 1858.7866685267443 6.73003184 43419.46677479138 42452.58353110792 44653.18519623022 60861687.0
-0.1048424557884573 -0.04930882759799715 -0.07255685045674909 1854.3411506755124 6.73003184 43419.46677479138 42452.58353110792 44653.18519623022 60861701.0
-0.10616260184178827 -0.05530778419779381 -0.07317188708111644 1853.0173269722245 6.73003184 43419.46677479138 42452.58353110792 44653.18519623022 60861713.0
-0.1072312390897423 -0.060723890193912666 -0.07370338877808535 870.7531670319185 6.73003184 43419.46677479138 42452.58353110792 44653.18519623022 60861724.0
-0.10842824974679388 -0.06755281813821057 -0.07434415636816993 1850.5776662333844 6.73003184 43419.46677479138 42452.58353110792 44653.18519623022 60861727.0
-0.10953737442468992 -0.0748564655877999 -0.07498801657493459 1851.2249347422444 6.73003184 43419.46677479138 42452.58353110792 44653.18519623022 60861739.0
-0.11058751319797011 -0.08315889370715013 -0.07568181912211003 1236.3193473552765 6.73003184 43419.46677479138 42452.58353110792 44653.18519623022 60861750.0
-0.11146316095982911 -0.09166264133091317 -0.07633704447653145 1852.0782061186837 6.73003184 43419.46677479138 42452.58353110792 44653.18519623022 60861757.0
0.20548680005595088 -0.014723516826052219 0.07534983069490409 2016.9571236172521 6.73003184 43419.46677479138 42452.58353110792 44653.18519623022 60878883.0
0.20525171454210067 -0.014035328764293808 0.07658722186170053 1999.3656707988816 6.73003184 43419.46677479138 42452.58353110792 44653.18519623022 60878902.0
0.20509888690139633 -0.013539248924644198 0.07740171264595119 1200.2802481230515 6.73003184 43419.46677479138 42452.58353110792 44653.18519623022 60878920.0
0.20482389057724504 -0.012576474640809465 0.07887116117490223 1980.4140693920376 6.73003184 43419.46677479138 42452.58353110792 44653.18519623022 60878925.0
0.2046591368271038 -0.011951939835853409 0.07975835398974596 1107.7825908391894 6.73003184 43419.46677479138 42452.58353110792 44653.18519623022 60878944.0
0.20434474859939655 -0.010680882012820803 0.081456187654112 1967.2398065359118 6.73003184 43419.46677479138 42452.58353110792 44653.18519623022 60878949.0
0.204000153724337 -0.009182724825222977 0.08331171421741601 1966.8238185987339 6.73003184 43419.46677479138 42452.58353110792 44653.18519623022 60878968.0
0.2038079241901869 -0.008298736189317424 0.0843469054743764 1033.4040832338917 6.73003184 43419.46677479138 42452.58353110792 44653.18519623022 60878988.0
0.2034219686902361 -0.006436897747335024 0.08641939374501817 1947.716854066638 6.73003184 43419.46677479138 42452.58353110792 44653.18519623022 60878992.0
0.20300600476184627 -0.0043134255320183 0.08863480011495994 1937.0385848943433 6.73003184 43419.46677479138 42452.58353110792 44653.18519623022 60879012.0
0.20280349677341292 -0.0032395480884588324 0.08970367647270905 891.0592998897476 6.73003184 43419.46677479138 42452.58353110792 44653.18519623022 60879033.0
0.2024393953688559 -0.0012512716566561721 0.09160872892243788 1524.249507907154 6.73003184 43419.46677479138 42452.58353110792 44653.18519623022 60879036.0
0.20194003909273306 0.0015845757370698266 0.09418425834883237 1946.2004758857097 6.73003184 43419.46677479138 42452.58353110792 44653.18519623022 60879050.0
0.2013937490846729 0.004809024430869613 0.09693845568108372 1965.2191529681522 6.73003184 43419.46677479138 42452.58353110792 44653.18519623022 60879071.0
0.20116883402806707 0.006169461674289778 0.09805206072633155 764.9149689175414 6.73003184 43419.46677479138 42452.58353110792 44653.18519623022 60879091.0
0.2005528152367333 0.00997736716090003 0.10104513451369712 1977.6174694466536 6.73003184 43419.46677479138 42452.58353110792 44653.18519623022 60879094.0
0.19987652784766397 0.014272115084168036 0.10421807218517642 1998.352576443222 6.73003184 43419.46677479138 42452.58353110792 44653.18519623022 60879115.0
0.19895890911720926 0.0202607143073692 0.10835094096546527 1744.9380600302854 6.73003184 43419.46677479138 42452.58353110792 44653.18519623022 60879136.0
0.19812883003032766 0.025780439194932114 0.11190526940481504 2027.1154196572274 6.73003184 43419.46677479138 42452.58353110792 44653.18519623022 60879154.0
0.19700013974215835 0.033383639602106996 0.1164637700712774 2037.2771589168306 6.73003184 43419.46677479138 42452.58353110792 44653.18519623022 60879179.0
0.1959630379205919 0.040317300175956916 0.12034428340848535 2025.8511053994241 6.73003184 43419.46677479138 42452.58353110792 44653.18519623022 60879202.0
0.19446048158715712 0.05009150547994068 0.1254727475316031 2003.892293697361 6.73003184 43419.46677479138 42452.58353110792 44653.18519623022 60879225.0
0.19308030672254972 0.058823722625675146 0.12972044020716567 1999.1041166060197 6.73003184 43419.46677479138 42452.58353110792 44653.18519623022 60879246.0
0.19124836850824067 0.07004918307211483 0.13477427508769324 1815.3249557860333 6.73003184 43419.46677479138 42452.58353110792 44653.18519623022 60879268.0
0.18939972169027897 0.08102181488357019 0.1392542593748658 2039.788675657797 6.73003184 43419.46677479138 42452.58353110792 44653.18519623022 60879285.0
0.1873014144875924 0.09296360650478164 0.14364409379777499 2042.9910146793127 6.73003184 43419.46677479138 42452.58353110792 44653.18519623022 60879307.0
0.18438598306966014 0.10866344140231377 0.14870898072695127 2038.9899627501024 6.73003184 43419.46677479138 42452.58353110792 44653.18519623022 60879332.0
0.17001693645579508 0.07423098859726451 0.17553012265852885 1700.3663407988759 6.73003184 43419.46677479138 42452.58353110792 44653.18519623022 60882944.0
0.16784089570865035 0.08000792879465735 0.17690263804252027 1848.7362754223218 6.73003184 43419.46677479138 42452.58353110792 44653.18519623022 60882953.0
0.16542810267856112 0.08623196521512 0.17828787495091092 1900.932888490853 6.73003184 43419.46677479138 42452.58353110792 44653.18519623022 60882963.0
0.16173184604849666 0.09548087148868944 0.180146841914393 1928.2323673952233 6.73003184 43419.46677479138 42452.58353110792 44653.18519623022 60882974.0
0.15882579751632875 0.1025374930977705 0.1814088979663211 1929.7162662669398 6.73003184 43419.46677479138 42452.58353110792 44653.18519623022 60882985.0
