-0.34971356430469314 -10.382115816842997 8.57487265963573 1719.4255735299707 21.17472738992806 60540.283757784164 58705.32229044605 63014.49816215828
-13.38489139952435 10.524647825855936 2.357766555469425 845.3364745583616 21.17472738992806 60540.283757784164 58705.32229044605 63014.49816215828
-12.09698628183105 15.87122971698409 5.279567182456958 893.9762363185266 21.17472738992806 60540.283757784164 58705.32229044605 63014.49816215828
16.00570465632336 4.861844024213497 -3.2110084911546437 890.9279123191626 21.17472738992806 60540.283757784164 58705.32229044605 63014.49816215828
17.664110946388973 -5.465059822272451 -1.2885882696718909 1563.2979375888876 21.17472738992806 60540.283757784164 58705.32229044605 63014.49816215828
-2.112531296610541 -13.153456710540922 -14.705322068308305 2034.7798348506803 21.17472738992806 60540.283757784164 58705.32229044605 63014.49816215828
-10.40608027530834 -5.584561281793867 -8.479446284509322 872.639668934511 21.17472738992806 60540.283757784164 58705.32229044605 63014.49816215828
14.27685463562375 -8.425942423367815 -4.100115713066771 806.0633912755864 21.17472738992806 60540.283757784164 58705.32229044605 63014.49816215828
4.674636692041531 -13.617907608459063 -10.819326555421867 1020.2814150679955 21.17472738992806 60540.283757784164 58705.32229044605 63014.49816215828
9.526392442319775 -18.03758348379779 -5.476901629852364 1080.2598842892205 21.17472738992806 60540.283757784164 58705.32229044605 63014.49816215828
15.30224196814379 -3.870386438058631 -6.687204411748098 862.1755329766388 21.17472738992806 60540.283757784164 58705.32229044605 63014.49816215828
-1.0849125777895097 -12.295205769420136 -12.206571263559454 1110.4243139433356 21.17472738992806 60540.283757784164 58705.32229044605 63014.49816215828
9.644797828485025 -4.5853914532854105 -8.365181819455756 759.0279104055943 21.17472738992806 60540.283757784164 58705.32229044605 63014.49816215828
